4691	100500809	0
338376	5158	0
6340	7329	1
27295	81466	0
10787	125476	0
124905777	124905777	1
207	85440	1
8706	8706	1
950	8819	0
208	4149	1
347688	51802	0
5714	3633	0
124904381	4849	0
51083	51083	1
84991	47	0
285973	285973	1
51744	51744	1
51347	857	0
5562	3685	0
3691	5588	1
116443	5800	0
501	501	1
1609	8360	0
124901221	124901221	1
90701	256987	0
5827	1101	0
3800	9146	0
10331	999	0
3772	3772	1
1021	3603	1
4550	51762	0
63035	79767	0
5087	124902847	0
79899	5594	0
338398	338398	1
51655	124907201	0
6203	80781	0
1562	1562	1
3702	7409	1
113278	414328	0
10971	3040	1
406980	8772	0
54461	3990	0
466	124908473	0
22794	22794	1
3804	9437	0
6511	6511	1
140032	5573	0
26985	7252	0
1019	1741	1
1956	3717	1
3908	7329	0
4564	4564	1
80336	131890	0
1956	8243	1
23293	22794	0
124907577	124907577	1
2690	3691	0
9530	5338	0
124904140	2912	0
1295	1295	1
10971	6548	1
10381	1073	0
146956	146956	1
3725	26056	0
26270	26270	1
54461	8665	1
50848	55589	0
79621	9063	0
283446	283446	1
1755	1755	1
124907639	124907639	1
10000	23381	1
64976	4654	0
5524	573	0
2694	3635	0
124906796	124906796	1
51802	124907174	0
124907332	124907332	1
8760	51802	0
2554	80022	0
4747	2323	0
6184	6184	1
10382	10382	1
1956	5295	1
1956	7428	1
8744	8744	1
23312	1349	0
6100	6100	1
124908282	124908282	1
7172	8309	0
5580	999	1
406884	2012	0
2113	26056	1
123041	27092	0
867	9093	1
29994	10136	0
22977	10277	0
406947	8453	0
5590	867	1
1956	81603	1
1021	23327	0
10131	10131	1
573	2201	0
3480	4352	1
23312	23312	1
5371	5970	1
26272	26830	0
84313	84313	1
114793	114793	1
1025	5775	1
55012	3765	0
4478	6421	1
3039	7532	1
5747	57610	1
2523	124908361	0
9551	9551	1
4137	4311	0
2787	2787	1
8392	4615	0
140679	3171	0
403278	3778	0
64805	64805	1
51733	51733	1
2017	5579	1
51762	6176	0
1824	51429	0
3836	124907585	0
124907239	124907239	1
2878	558	0
1398	3702	1
3082	5579	1
200958	999	1
3459	4690	1
442910	10332	0
3560	645142	0
7011	7514	1
79290	79290	1
219464	101954275	0
3455	9451	0
2948	2948	1
221823	891	0
5774	5788	1
1293	1293	1
3091	6595	1
441531	124907679	0
10489	8065	1
83737	124907456	0
10171	124906796	0
55326	8449	0
138882	407049	0
2885	4352	1
3422	3422	1
10092	10092	1
2639	3101	0
10199	56000	0
253314	124908282	0
4986	60673	0
8065	130	0
10841	23114	0
23001	23001	1
5414	5414	1
8313	8313	1
5569	124908322	0
26118	5295	1
5829	4486	0
2562	2562	1
124908473	124908473	1
25777	26056	0
253314	6777	0
55506	112574	0
124908474	124908474	1
5788	867	1
7223	7223	1
27018	7430	1
51318	55315	0
118672	1056	0
25	7520	1
627	627	1
8905	8905	1
9675	4842	0
22900	120103	0
414328	414328	1
8437	51762	0
53	11040	0
103	7386	0
441024	9551	0
8471	22954	0
100500809	30	0
124907201	124907201	1
5333	5333	1
238	2534	1
5087	9743	0
10728	54984	1
51021	51021	1
8760	6511	0
59	50837	0
5829	5829	1
9992	573	0
729759	64746	0
5971	23708	0
5021	27074	0
4249	4249	1
440153	440153	1
7832	100532736	0
124904145	124904145	1
23557	5833	0
5542	8313	0
57412	57412	1
199857	199857	1
1435	3718	1
8828	23001	0
1613	80176	1
1211	79767	0
861	83737	0
57610	80176	1
124901505	124901505	1
27018	85440	1
376497	376497	1
124907274	124907274	1
116984	340419	0
107984365	255043	0
2787	54429	0
1163	100130302	0
51649	124903595	0
27180	6874	0
30814	3667	0
124900915	3559	0
1937	1937	1
11060	1593	0
170067	170067	1
5272	5272	1
29990	29990	1
5058	5058	1
3800	135112	0
7357	7357	1
124907573	124907573	1
2932	6548	1
8310	60673	0
5970	7010	1
3171	57159	0
2255	124907199	0
1672	406882	0
238	9113	0
135946	6171	0
2169	5829	0
2634	10163	0
2549	5580	1
3236	5800	0
3083	9093	1
200958	100528032	0
4615	2781	0
54145	124907690	0
102800317	102800317	1
3083	441531	0
26248	26248	1
4137	4137	1
5793	999	1
54429	54429	1
6259	113	0
10136	10136	1
56903	9349	0
6330	1045	0
54626	54626	1
390083	5802	0
6612	573	0
3635	9093	1
10113	22977	0
8840	3059	0
5973	124907625	0
22933	22933	1
124907214	1672	0
3667	7852	1
3636	5793	1
7531	7533	1
3897	785	0
10724	10724	1
124907581	658	0
8341	117581	0
54541	54541	1
6675	6675	1
2554	5580	1
79365	79365	1
3678	3678	1
11060	23114	1
3083	51808	0
64319	64319	1
1144	1144	1
28964	28964	1
387680	6778	0
26270	116443	0
84441	1237	0
5897	5897	1
4352	7010	1
133	133	1
3459	3716	1
355	573	1
4301	4301	1
208	124908322	0
124905802	23205	0
238	1392	0
390260	390260	1
30	30	1
7791	7791	1
84451	84451	1
5429	5562	0
3727	7520	1
2882	2882	1
2885	84105	1
1021	5998	1
10048	5774	1
2495	8665	1
1268	5295	1
9700	2834	0
51802	441272	0
9075	3269	0
1200	2099	1
8800	6235	0
3141	22794	0
124907213	8449	0
826	6915	0
2017	5295	1
10806	1442	1
5747	5782	1
93	93	1
10623	10623	1
6143	6143	1
124907694	7059	0
3480	7006	1
122809	7520	0
7324	7324	1
10728	7514	1
9075	9075	1
5024	5024	1
390084	89869	0
53904	5582	0
8660	9978	1
51447	10933	0
10728	4609	1
124907188	124907188	1
6448	6448	1
1392	9743	0
5364	8840	0
10207	9229	1
4191	4191	1
4731	4731	1
9246	55650	0
3850	55070	0
10054	10054	1
9451	9451	1
51495	51495	1
3040	60	1
6581	6581	1
343702	343702	1
2994	390084	0
2885	7316	1
25	8202	0
3091	7011	1
4853	4853	1
5796	124907595	0
123041	123041	1
171389	124901505	0
466	466	1
9577	9577	1
8309	54431	0
1144	6915	0
1504	8737	0
124907578	10956	0
79317	7529	0
6455	3620	0
207	7391	1
59	7430	1
1956	4352	1
3832	124538	0
5347	5747	1
23462	1263	0
55845	3845	0
3708	3708	1
124908485	124908485	1
84441	84441	1
55432	55432	1
2037	57666	0
146	146	1
4804	5747	1
862	862	1
57016	124907253	0
4035	9743	1
8996	7011	0
10381	10381	1
11146	6654	1
160851	160851	1
10445	10971	1
816	8573	1
406888	407051	0
4084	5371	1
916	8277	0
51808	51808	1
124905831	195814	0
100526794	4478	0
124908477	124908477	1
140032	119678	0
3346	124906796	0
60673	114793	0
338382	338382	1
1740	4986	0
23545	23545	1
1021	4035	1
857	23382	0
113457	8660	1
64283	64283	1
4716	84219	0
401666	8437	0
124904145	6210	0
1071	1071	1
23353	54840	0
23557	5782	1
3643	7006	1
2885	30011	1
120103	120103	1
124907216	919	0
124907961	5371	0
124908341	124908341	1
79290	124905791	0
3077	124907306	0
113457	10791	0
5257	5257	1
253430	3832	0
3551	8045	1
2932	6772	1
3804	3804	1
5524	9246	0
6737	406980	0
10893	84733	0
84309	84309	1
10347	127281	0
150684	3560	1
124905770	124905770	1
54788	54788	1
406882	406882	1
4736	4736	1
9500	2017	0
124904381	124904381	1
1363	1363	1
2885	3082	1
100532731	100532731	1
8633	9063	0
3625	8555	0
6259	6259	1
3990	3990	1
414328	102800317	0
1241	1241	1
10332	2153	0
257313	257313	1
23557	3636	1
83660	10484	0
2994	2994	1
100913187	100913187	1
2531	11168	0
1176	29889	0
30011	80176	1
2779	2779	1
57016	9616	0
124907664	124907664	1
30011	5580	1
54904	8761	0
3625	6199	0
4055	100507027	0
2678	2678	1
112574	112574	1
3603	11035	0
23114	6340	1
2997	2560	0
6431	7533	0
8689	10163	0
27295	27295	1
1146	79621	0
58	84950	0
10870	10870	1
10907	283092	0
6595	7827	0
103	103	1
2862	5297	0
10888	6448	0
57038	57038	1
387680	7051	0
124908489	124908489	1
114609	8065	1
341418	341418	1
658	658	1
84063	84063	1
207	60	1
57666	785	0
2357	2357	1
10841	341	0
5371	80198	1
124907246	55651	0
64805	5506	0
3294	51655	0
9266	3040	0
5335	3040	0
9466	9466	1
81439	81439	1
284486	124538	0
3716	4574	0
3083	1340	0
23382	124907185	0
10445	5702	0
100526794	100526794	1
5335	22900	0
84265	84265	1
387680	208	0
22977	124907625	0
10588	10588	1
116028	116028	1
51135	51135	1
94274	8737	0
368	8453	0
123876	123876	1
5371	1910	0
406884	10156	0
51274	51274	1
5528	978	0
6129	6129	1
51744	55697	0
84105	6258	0
27180	1749	0
54738	54738	1
124904986	6675	0
2113	5347	1
1593	1593	1
64926	30	0
403274	403274	1
1268	8243	1
11285	11285	1
124907718	124907718	1
124907324	124907324	1
27092	27092	1
8831	26301	0
10572	10572	1
84706	84706	1
1613	6654	1
2885	7006	1
57159	57292	0
11001	3667	0
1613	5583	1
1237	9616	0
10762	5688	0
5781	6774	1
8910	8910	1
8189	8189	1
10019	2634	0
10588	124907647	0
208	2099	1
55114	55114	1
9246	4771	0
6009	8665	1
124903595	124903595	1
100130302	118672	0
219986	219986	1
6235	6235	1
56000	4522	0
695	253430	0
178	4552	0
56000	56000	1
83737	8996	0
1176	1176	1
100130302	100130302	1
2043	348	0
5364	55315	0
10519	3091	1
79717	5539	0
3551	8772	0
79735	79735	1
1001	1001	1
3231	27092	0
3725	403284	0
2517	11040	0
10171	1749	0
222537	1613	0
7430	124905802	0
10231	10231	1
6923	8660	1
113457	150684	1
55650	55650	1
10220	10220	1
219464	2099	0
406885	55669	0
10171	2534	0
831	1910	0
54472	259296	0
29785	81603	0
5528	26118	0
6829	133396	0
5781	442891	0
3797	3797	1
10163	10163	1
51301	51301	1
57412	64805	0
222537	8360	0
100507027	55697	0
3635	4486	1
3083	5770	1
1268	5584	1
100169768	10791	0
146	55845	0
112574	219431	0
124908477	8678	0
10220	124907703	0
51256	59	1
200958	2065	1
7223	5569	0
5024	1073	0
773	1146	0
10207	7436	0
9392	51060	0
8760	8760	1
10207	816	1
2078	2078	1
5588	5770	1
3294	8724	0
27183	27183	1
4609	4691	1
114609	6923	1
124905802	124905802	1
5583	6643	1
2043	2043	1
8737	831	0
390190	915	0
51447	65125	0
9716	9716	1
5905	285641	0
55669	55669	1
53904	53904	1
2941	2902	0
5257	59272	0
8312	51454	0
10154	80198	0
5693	115201	0
90	90	1
57159	6262	0
10762	10762	1
1392	124905831	0
3269	26664	0
124908327	6464	0
3083	80176	1
1013	1013	1
26056	10199	0
6326	6326	1
574033	574033	1
6425	6425	1
1945	6548	0
2495	85440	1
124905754	5518	0
442900	442900	1
1398	9978	1
6060	133396	0
84557	4690	0
2249	3320	0
56052	56052	1
150684	8453	1
1290	1290	1
27030	27030	1
8572	10277	0
27190	80781	0
118460	3804	0
1013	60485	0
406988	1237	0
124904143	3455	0
51010	8835	0
10519	1200	1
124908489	7252	0
4567	4567	1
10207	116443	1
347688	4297	0
283459	54815	0
53904	51347	0
6916	163	0
64979	64979	1
29984	3292	0
283459	8555	0
54965	23312	0
5216	353142	0
1755	28964	0
3603	51602	0
23353	23353	1
51077	6199	0
5579	5793	1
5364	64579	0
124907647	1071	0
4331	5747	1
220988	220988	1
133522	1163	0
3248	7006	0
2878	57122	0
23381	3727	1
3480	84557	0
2549	5800	1
23382	1462	0
390260	63035	0
93643	5973	0
83658	55860	0
2847	6778	0
11040	4690	1
124908510	124908510	1
124908485	124904140	0
5770	6643	1
9266	7430	0
3727	3674	0
115727	3883	0
124904143	124904143	1
80022	80022	1
2201	558	0
2752	2752	1
89869	89869	1
117178	9653	0
1358	6432	0
100169768	100169768	1
124908479	1101	0
124905431	124905431	1
10519	10971	1
65057	8607	1
5781	124905831	0
107987478	107987478	1
8760	8835	0
143686	143686	1
224	224	1
2173	2173	1
124907625	124907625	1
3459	5970	1
2081	2081	1
90249	124900883	0
1741	8573	1
3231	124907174	0
138882	138882	1
3565	3565	1
127829	127829	1
3559	759	0
406884	441531	0
3231	3231	1
238	9978	1
7832	9500	0
29785	29785	1
4574	4574	1
403274	2954	0
5499	351	0
9730	9730	1
121601	121601	1
130	130	1
10956	10956	1
3691	80176	1
387	3883	0
6541	6541	1
4352	558	1
117581	117581	1
2834	8361	0
26533	4149	0
112268336	112268336	1
3845	4853	0
124907310	124907310	1
401666	6235	0
208	6667	1
57122	124907690	0
124904668	2475	0
124905822	6129	0
654364	654364	1
5796	6774	1
2357	2078	0
3560	7410	1
3040	4804	1
139189	139189	1
55651	9229	0
343702	8792	0
57412	9500	0
65260	65260	1
8809	124907239	0
9074	9074	1
8828	1613	0
1398	3717	1
5579	55612	0
79317	79317	1
100507027	9126	0
3803	3803	1
4736	124907607	0
53407	53407	1
2169	128178	0
5747	440275	0
124907277	51077	0
8517	5518	0
4716	51495	0
10971	2547	1
4544	727837	0
285643	285643	1
4690	3818	0
6585	6585	1
1436	2064	1
64901	3832	0
124901221	9536	0
4224	64979	0
130	10120	0
221823	90249	0
10113	10113	1
57016	57016	1
11040	9978	1
27315	27315	1
53904	4086	0
7128	7128	1
2694	5795	0
7531	5407	0
101954275	101954275	1
124903414	3897	0
8809	8809	1
57733	57733	1
8325	4999	0
9966	9966	1
79717	8517	0
116984	2049	0
93643	55957	0
3171	5579	0
26	26	1
5579	5796	1
4691	6667	1
9131	3764	0
2885	57610	1
5957	5957	1
442117	442117	1
2847	2847	1
124905771	124905771	1
127623	127623	1
84667	124905822	0
5335	26122	0
57016	53	0
207	54461	1
4331	6772	1
3797	480	0
4352	7428	1
6591	64786	0
8440	124907292	0
26056	85440	1
1263	1263	1
3691	9146	1
10156	10156	1
8337	8337	1
1442	5921	1
2639	2639	1
80339	80339	1
5747	7534	1
2782	4564	0
114609	1956	1
81697	166378	0
115727	6874	0
1340	56001	0
6184	56474	0
950	950	1
26272	8772	0
4771	5066	1
124900915	124900915	1
207	100532731	0
9132	10136	0
2862	199857	0
9063	100137049	0
8876	7923	0
2017	9093	1
26007	26007	1
57610	6326	0
1021	2185	1
23114	196385	0
124907170	8819	0
10000	5371	1
79868	79868	1
114609	51412	0
1398	3560	1
727837	8085	0
407051	6259	0
8702	8702	1
1945	1945	1
124907574	6924	0
401661	401661	1
8809	124908282	0
5770	836	1
8140	2878	0
221823	221823	1
1591	7386	0
124904983	124907247	0
257397	4716	0
1613	5580	1
347688	347688	1
3269	3269	1
1398	6923	1
358	55612	0
63035	51032	0
124908356	124908356	1
10000	10445	1
1340	401661	0
200315	5581	0
55114	9652	0
5524	5524	1
6991	6991	1
6431	6431	1
3551	4478	1
83440	83440	1
5145	5145	1
22824	22824	1
283092	10057	0
23545	406947	0
3643	5469	0
2534	87	1
10905	10905	1
64919	256987	0
64919	64919	1
2788	2788	1
124907167	124907167	1
221264	3589	0
2912	6432	0
60485	60485	1
390064	4522	0
6262	1317	0
124903595	84890	0
3836	153364	0
8178	124907679	0
55012	8243	0
124908341	5495	0
10048	999	1
5783	343172	0
64283	60673	0
23545	64805	0
8555	8623	0
57666	57666	1
638	26985	0
1268	283459	0
3320	638	0
5364	5788	1
6789	6789	1
26122	26122	1
1013	56474	0
25777	7357	0
10048	5364	1
10163	135946	0
359	359	1
4716	5921	1
1340	1340	1
6772	891	1
1499	7534	1
51347	51347	1
6431	5579	0
5216	165904	0
57552	57552	1
124907293	117178	0
1869	1869	1
60	6195	1
23569	23569	1
4824	4824	1
207	3039	1
1017	49861	0
9730	58	0
124907247	124907247	1
6730	6730	1
558	8453	1
5531	5531	1
9135	9135	1
3659	5770	0
6731	51495	0
5594	343702	0
3909	124907188	0
3091	65057	1
23557	154807	0
7410	81603	1
5590	5788	1
355	999	1
135948	135948	1
131890	4804	0
2954	2268	0
8341	8341	1
219983	124907306	0
114609	1435	1
4986	26007	0
55612	55612	1
8773	3269	0
222236	124907292	0
6829	1869	0
8704	29117	0
137868	3434	0
6597	6601	1
4716	8312	1
124907321	3300	0
54984	80198	1
9794	4359	0
10563	10563	1
3589	3589	1
3198	3198	1
5693	26834	0
63035	124907651	0
3816	4499	0
58	6548	1
1672	5962	0
1687	1687	1
6777	6777	1
84950	84950	1
10893	120066	0
84991	84991	1
5216	5216	1
1499	6774	1
406882	5261	0
56903	56903	1
1562	3091	0
89869	7011	0
3607	406884	0
116028	80339	0
504191	504191	1
124905802	5747	0
3764	3764	1
4729	867	0
4478	7529	1
4629	4629	1
124907581	6233	0
3973	5770	0
2208	2208	1
55506	55506	1
5957	26056	0
25	23327	0
10019	10019	1
2948	102800317	0
345630	124907321	0
6262	6262	1
11285	25847	0
1027	1432	1
51010	51010	1
124906378	8453	0
55070	2201	0
3708	60673	0
3725	8607	1
387	5800	0
6167	6167	1
23557	867	1
3106	3106	1
10877	10877	1
84364	84364	1
114798	116984	0
2531	2531	1
5688	6528	0
5432	5432	1
9794	9794	1
4831	4831	1
574033	219874	0
64579	64579	1
90249	90249	1
642843	9693	0
54461	7533	1
3973	65264	0
80336	64976	0
5827	8370	0
410	4999	0
442900	6528	0
150684	7010	1
10277	10277	1
2495	26056	1
2561	815	1
3294	3294	1
284486	284486	1
23624	23624	1
65057	7514	1
118460	118460	1
6432	124907648	0
1019	815	1
8840	7514	0
5921	967	1
2165	949	0
3685	3685	1
340485	1154	0
169044	169044	1
9992	340485	0
912	84219	0
22954	6924	0
257397	578	0
7520	5021	0
3716	7010	1
9170	29906	0
9653	9653	1
23517	6421	0
2165	2165	1
401666	401666	1
51802	51808	0
143502	57016	0
7529	8312	1
5158	80022	0
54461	8312	1
8572	8572	1
1739	1956	0
3716	558	1
124907703	3764	0
2834	9135	0
9437	124905436	0
5499	5499	1
1442	967	1
51655	51655	1
3708	53842	0
23517	23517	1
6303	6303	1
51347	3607	0
11001	3106	0
256471	1363	0
93183	93183	1
85007	26	0
166378	166378	1
4804	5347	1
368	368	1
2932	7430	1
353142	353142	1
57552	3718	0
1672	1672	1
1460	1460	1
25	573	1
5261	1749	0
25	2547	1
79621	79621	1
6391	6391	1
4804	7430	1
80326	80326	1
4573	5957	0
10728	3725	1
915	915	1
432	432	1
26272	26272	1
6915	6915	1
65125	65125	1
1200	7011	1
80336	80336	1
55957	283208	0
7006	81603	1
6009	7533	1
25851	25851	1
403278	403278	1
5583	8243	1
344807	344807	1
442891	7357	0
51274	3300	0
115024	115024	1
22941	83660	0
81466	81466	1
5364	5747	1
10961	7357	0
124907153	124907153	1
51318	51318	1
27295	5702	0
1020	9229	1
58533	89790	0
387680	387680	1
29990	4352	0
124907273	124907273	1
7327	6199	0
5407	224	0
1398	7010	1
10791	10791	1
85363	85363	1
2475	8504	0
124902333	124902333	1
5921	85440	1
85007	124907574	0
5539	5539	1
10207	4842	1
4804	3797	0
10277	442891	0
100528032	127829	0
1398	3459	1
10806	59	1
2475	4149	1
353514	353514	1
196743	340419	0
2957	2957	1
341208	124908510	0
406947	406947	1
5781	22824	0
54788	124905783	0
10163	2994	0
3300	3300	1
23569	93643	0
84168	84168	1
27180	27180	1
5788	5795	1
50837	196527	0
390064	390064	1
90226	90226	1
5264	5264	1
2357	27183	0
51802	5973	0
10207	51077	0
8600	8600	1
124907170	220988	0
124902847	124902847	1
1740	9743	1
2064	4690	1
6129	7431	0
26834	8737	0
169044	5333	0
5977	5977	1
124907694	124907694	1
30011	203228	0
5429	5429	1
1358	1358	1
55224	55224	1
51060	1755	0
11146	5787	1
6612	23432	0
3625	3625	1
7481	2921	0
3560	3815	1
2017	5781	1
29785	6262	0
124907204	50837	0
124907213	257397	0
5578	5580	1
55509	6143	0
133522	133522	1
6206	6206	1
5335	6654	1
56953	56953	1
3718	1136	0
50848	50848	1
90701	8449	0
6340	8724	1
11019	57038	0
80349	23381	0
10856	1499	1
10424	8660	0
836	84451	0
51762	51762	1
64979	7159	0
84706	283208	0
3480	257397	0
91319	91319	1
65267	6645	0
10519	208	1
5524	5261	0
124905791	124905791	1
171389	171389	1
64850	55114	0
9716	1263	0
253430	5590	0
6878	219464	0
1741	3675	0
22941	3077	0
55860	55860	1
915	124907310	0
8555	8555	1
9616	9616	1
7327	124904140	0
84105	8819	0
1363	107987478	0
5597	5597	1
355	5782	1
23353	26538	0
7357	124905798	0
51495	3832	0
5023	9601	0
3399	7529	1
116988	124908338	0
4804	3292	0
57122	57122	1
9541	80834	0
2169	259296	0
124907239	53842	0
5836	124908102	0
124907188	51733	0
5903	5903	1
178	56474	0
51412	867	0
3459	8453	1
3481	695	0
3667	558	1
79767	3101	0
54984	6605	1
130	10229	0
4055	4055	1
1365	124907647	0
124907650	124907650	1
23225	2222	0
65057	6605	1
2690	84249	0
642517	642517	1
6176	338382	0
8702	10956	0
1136	1136	1
219983	80326	0
7942	785	0
8337	7430	0
10120	3909	0
11337	11285	0
23385	55650	0
3908	3908	1
857	857	1
973	26281	0
124907578	7827	0
23385	23385	1
9700	9700	1
100507027	353514	0
131890	131890	1
6737	6737	1
51128	124907664	0
8633	8633	1
861	861	1
10489	3832	0
22941	22941	1
55080	55207	0
3685	513	0
353144	6731	0
54965	8773	0
55605	55605	1
4609	6597	1
3804	22900	0
5590	699	0
5563	5563	1
3040	983	1
912	9730	0
3141	83660	0
10154	1144	0
8517	8517	1
1268	5770	1
128966744	128966744	1
3804	7293	0
4035	815	1
403274	10113	0
124908485	1262	0
137970	137970	1
8175	84811	0
341640	5287	0
22794	51733	0
5829	8392	0
81472	6528	0
124902333	30011	0
257313	27180	0
2562	5090	0
7023	7023	1
2152	2152	1
84249	84249	1
124907295	124907295	1
124904668	124904668	1
10277	54626	0
5101	5101	1
124907651	124907651	1
124908327	124908327	1
124908503	6591	0
3039	4747	1
2049	2049	1
115201	115201	1
4331	4747	1
2862	2862	1
2099	3824	0
3607	125467750	0
8706	1146	0
6882	6882	1
440	440	1
3231	3836	0
2201	2201	1
51010	2885	0
3231	51085	0
1200	4609	1
3635	5335	1
124907306	124907306	1
219983	5216	0
7430	7431	1
84265	124907694	0
89790	89790	1
10971	4747	1
10489	26118	1
1176	54541	0
3083	27018	0
6060	4615	0
3702	3718	1
169044	11157	0
124907961	124907961	1
5663	83658	0
2782	8310	0
2534	26118	1
57823	5407	0
79188	2495	0
9564	51412	0
2885	7428	1
122809	122809	1
56953	406882	0
107984365	6203	0
3643	558	1
1741	1742	1
6469	1460	0
51274	4760	0
3689	57412	0
23381	3091	1
5295	6464	1
11001	643246	0
348	27030	0
11040	10445	0
1956	5795	1
22933	127281	0
59	124907228	0
23432	116988	0
124900883	8392	0
124907214	124907214	1
27074	123041	0
135112	135112	1
124908341	8996	0
8660	627	0
3636	5781	1
2954	51744	0
2782	2782	1
9547	29982	0
23057	23057	1
5518	133522	0
2153	2153	1
26834	2357	0
5269	5269	1
207	3725	1
130	7251	0
84733	7031	0
2534	8065	1
124907167	7006	0
80781	3269	0
64386	5782	0
7006	3635	0
84557	84557	1
54429	64901	0
441024	3925	0
26007	7006	0
949	949	1
6391	51520	0
55114	574033	0
5066	7249	1
10331	203228	0
406988	406988	1
2165	5747	0
8877	8877	1
1456	124907321	0
151531	151531	1
5021	5021	1
2554	5584	1
816	9229	1
773	773	1
64926	64926	1
6548	2167	0
25847	25	0
2806	2806	1
26830	124903595	0
124908489	6184	0
7922	7922	1
10672	2781	1
10686	10686	1
6323	6323	1
2249	4716	0
124907213	124907213	1
1101	1101	1
558	124901505	0
3764	8337	0
84309	51128	0
5800	6654	1
170067	4690	0
51429	51429	1
10171	10171	1
119391	406985	0
10979	23205	0
341208	341208	1
9479	9479	1
1163	219983	0
8450	1073	0
2012	2012	1
4736	8772	0
146	7531	0
9388	9388	1
23557	79868	0
124907292	124907292	1
6206	124907595	0
1073	8312	0
124907574	124907574	1
2634	2634	1
5970	9246	0
6323	1499	0
10000	4794	0
191	1456	0
5066	8045	1
8572	124907188	0
10893	5092	0
1200	1736	1
10400	10588	0
9562	9562	1
26538	353144	0
407054	407054	1
6731	124907690	0
65263	10686	0
345630	345630	1
5569	2629	0
2037	2037	1
10424	10424	1
339761	339761	1
3428	3804	0
952	952	1
442910	442910	1
3346	4589	0
9564	9564	1
2053	6585	0
7249	8665	1
7059	7059	1
4747	8045	1
2878	8600	0
26528	4831	0
8792	8792	1
8437	8437	1
51602	51602	1
6916	6916	1
255043	785	0
25	54984	1
5159	8835	1
3171	4550	0
7059	10956	0
54461	58	1
355	5580	1
3633	3633	1
30011	9093	1
8996	8996	1
3717	6923	1
6811	7329	0
124907650	4731	0
3761	124907201	0
390067	390067	1
51060	10382	0
1073	1073	1
124907578	124907578	1
9435	9435	1
2099	23381	1
84219	7223	0
10806	4804	1
2535	5148	0
5023	5023	1
3818	3818	1
4771	124902333	0
8277	8277	1
8309	26834	0
406980	124907213	0
3607	10563	0
100101268	100101268	1
2322	4555	0
79290	5272	0
26056	7533	1
124904107	85363	0
10911	79868	0
6330	6330	1
5836	124907581	0
55605	124905798	0
7159	51347	0
8178	8178	1
80198	8607	1
27018	7299	0
5970	26007	0
10672	5506	0
124907330	124907330	1
10787	513	0
51074	51074	1
64902	11168	0
5971	5971	1
11285	11001	0
5802	5802	1
1045	5592	0
4359	4359	1
113457	5159	1
4736	324	0
51447	220988	0
7923	7923	1
27128	643246	0
9611	9611	1
10519	6597	1
84991	200315	0
8623	8623	1
6330	124908474	0
5580	7481	0
2752	8996	0
1176	6259	0
343702	1495	0
10971	65057	1
84219	84219	1
1295	219431	0
4647	4647	1
124907204	124907204	1
10400	10400	1
5836	2167	0
2329	2329	1
2065	26525	0
124907456	124907456	1
124907224	124907224	1
124905429	124905429	1
816	983	1
10588	153364	0
5580	5796	1
3636	4486	1
4224	55012	0
8313	116443	0
23409	23409	1
1435	2534	1
2517	2517	1
55697	55697	1
100169758	100169758	1
49861	49861	1
6203	10588	0
49861	124905327	0
6448	10400	0
6774	867	1
10484	10484	1
1613	6774	1
54840	54840	1
3428	3428	1
3717	5295	1
2495	5542	0
64377	1363	0
124538	54984	0
23205	9146	0
3012	3012	1
7942	288	0
26	208	0
2534	8573	1
50837	50837	1
5021	80022	0
3824	5524	0
6455	6455	1
29906	29906	1
64377	64377	1
1200	6421	0
406888	339745	0
124908489	950	0
6869	6869	1
23382	23382	1
8370	8370	1
8440	8900	0
25885	25885	1
6344	6344	1
79188	79188	1
10728	5581	0
1499	54984	1
60485	64978	0
392392	392392	1
221264	26528	0
8361	8361	1
100137049	100137049	1
56001	56001	1
5518	5518	1
343172	6210	0
2475	124908500	0
9104	9104	1
100528032	100528032	1
150684	2534	1
113457	51060	0
113278	113278	1
10489	3717	1
23557	3082	1
10019	2782	0
95	95	1
6332	10870	0
114798	124907574	0
6548	4486	0
51060	51060	1
124907585	51744	0
3689	3689	1
26301	26007	0
5495	916	0
785	785	1
29117	5584	0
150684	338376	0
5579	5788	1
8493	8623	0
4297	118672	0
3434	51020	0
9653	7172	0
4715	4715	1
5338	5338	1
124906796	5562	0
2787	2921	0
1736	23381	1
3043	10588	0
7324	3251	0
8440	4086	0
389692	862	0
389692	389692	1
826	138882	0
11001	11001	1
63924	63924	1
8175	8175	1
2495	967	1
51802	51802	1
219983	5241	0
4296	6804	1
6176	6176	1
1398	2885	1
30011	57412	0
392391	8828	0
65110	65110	1
820	820	1
208	7011	1
4478	84219	0
10787	54	0
1613	5582	1
5580	6774	1
5584	9093	1
64850	29093	0
1103	1103	1
759	759	1
3716	7409	1
3643	6924	1
6303	8504	0
283092	283092	1
64850	2169	0
124907216	124907216	1
26272	51301	0
26122	124908341	0
178	178	1
124904107	124904107	1
5524	124907201	0
60	7431	1
1349	124908479	0
124905436	124905436	1
4615	4615	1
3551	7431	1
54965	54965	1
653361	5528	0
10585	6235	0
5921	8665	1
6432	169044	0
8354	2121	0
4986	6235	0
22933	4522	0
54881	54881	1
3106	2523	0
124905765	343172	0
5588	5795	1
1021	87	1
7252	4300	0
6171	26834	0
1435	107984349	0
5518	1365	0
3716	8835	1
219432	283093	0
338376	338376	1
4756	4756	1
3560	4352	1
6258	6258	1
9126	9126	1
8689	1154	0
10791	1378	0
207	4084	1
9688	118672	0
3725	6198	1
10489	2534	1
9551	85363	0
59272	59272	1
10120	10120	1
219431	2268	0
133396	84991	0
207	124907718	0
6235	124907578	0
10971	7534	1
256987	256987	1
1432	58	1
60	7532	1
124908338	124908338	1
4907	4907	1
6340	8840	0
51649	51649	1
2323	2323	1
6605	7514	1
5594	2752	0
8761	90226	0
6120	1824	0
3716	10163	0
6511	7481	0
219982	10156	0
4716	85440	1
5782	6654	1
153364	51083	0
4086	4086	1
5594	124900915	0
1200	6198	1
253314	124907664	0
8325	124907650	0
1506	2997	0
95	3559	0
2121	2121	1
407049	407049	1
29093	55650	0
64850	124902333	0
4572	8936	0
54148	9675	0
9541	9541	1
124908355	5270	0
4717	124908355	0
2255	2255	1
695	7791	0
3718	8835	1
8826	6772	0
857	8405	0
3897	3897	1
3949	117581	0
2169	2169	1
5788	5796	1
124907185	124907185	1
9611	6654	0
55224	283459	0
79188	432	0
5796	6654	1
56052	165904	0
861	5066	0
5747	59	1
60	7531	1
191	4691	0
1154	57292	0
80834	3797	0
390093	390093	1
1824	1824	1
8352	8352	1
9392	10229	0
4574	8243	0
124907574	5688	0
8772	8772	1
163	163	1
1262	9542	0
5970	65057	1
119548	4478	0
5688	59345	0
7942	1869	0
8555	1687	0
3727	160851	0
348	348	1
10048	6464	1
9530	9530	1
127066	127066	1
826	826	1
83660	8675	0
6591	6591	1
51135	6176	0
3678	23624	0
113457	8341	0
1613	5579	1
283208	283208	1
81697	81697	1
10163	1154	0
124900883	124900883	1
10499	6528	0
10664	4609	1
8689	124907214	0
3800	3800	1
200909	200909	1
238	81603	1
401661	51520	0
4301	1432	0
3083	5335	1
4690	2078	0
25847	401667	0
8773	8773	1
84557	8835	0
4691	80198	1
57823	57823	1
1613	5590	1
8452	55506	0
1062	55957	0
3635	10092	0
4771	5747	1
513	513	1
9131	26528	0
441024	441024	1
114609	2322	1
3845	8202	0
133522	5542	0
65057	8689	0
11040	1436	1
10806	8660	0
401667	401667	1
9688	442900	0
124907585	124902333	0
23152	23152	1
3320	3685	0
351	7922	0
1146	10877	0
3607	3607	1
53	53	1
1937	1749	0
3560	7430	0
47	47	1
406980	29767	0
65263	9675	0
6432	64926	0
10092	253314	0
1398	127623	0
9126	2121	0
26664	26122	0
9451	5371	0
2065	114798	0
55326	55326	1
238	8453	1
9246	3772	0
2517	10623	0
2957	4803	0
3251	3251	1
4716	112268336	0
10331	10331	1
3717	124908473	0
220988	1499	0
124907679	124907679	1
9688	124908341	0
6206	65057	0
8493	8493	1
3127	3127	1
51164	124907636	0
22941	5539	0
124905822	124905822	1
219982	219982	1
84950	2049	0
27018	8341	0
167227	124907650	0
10332	10332	1
2902	3603	1
8646	8646	1
3480	5295	1
6340	6332	0
10489	11040	1
2560	9500	0
238	8835	1
8440	8440	1
5148	414328	0
1432	7532	1
785	49861	0
3659	59	0
8440	101954275	0
2322	238	1
9730	442891	0
3717	7410	1
124907456	25847	0
84733	84733	1
2322	558	1
3320	4149	1
2017	124907170	0
6009	7249	1
1956	836	1
23624	7481	0
387	387	1
1163	80781	0
101954275	2678	0
3043	3043	1
6469	5734	0
3083	5795	1
3925	3925	1
5688	10841	0
160	55315	0
4771	7533	1
124907239	1363	0
5796	3708	0
3689	5793	0
2997	2997	1
7006	80781	0
6203	6203	1
6448	10499	0
90701	2562	0
3725	341	0
80349	124907589	0
1398	10445	0
4760	5495	0
27018	10979	0
8337	219986	0
2554	164091	0
3778	3778	1
200315	200315	1
3198	6340	0
10856	7392	1
9716	10799	0
115727	115727	1
4804	54461	1
164091	164091	1
5145	9135	0
10933	10933	1
2065	999	1
10113	64919	0
29943	29943	1
3689	116028	0
2690	5295	1
26985	64319	0
1436	3643	1
124905787	3198	0
4690	6923	1
6330	119548	0
27295	55612	0
10762	124905754	0
113457	3635	0
10788	10788	1
207	2547	1
54461	8045	1
128178	128178	1
26834	407054	0
124908361	23095	0
3171	58533	0
5066	8665	1
1741	5973	0
11146	84441	0
10154	6924	0
8310	8310	1
10057	10057	1
727837	119548	0
51802	65125	0
10207	3765	0
10075	10075	1
5796	84105	1
4092	4092	1
5737	9536	1
3643	8660	1
10499	10499	1
5579	5588	1
8828	8828	1
9388	341640	0
166378	6667	0
392391	392391	1
857	5148	0
355	5295	1
81472	81472	1
79188	8321	0
9601	22827	0
207	59	1
5087	5087	1
80198	2153	0
124908500	124908500	1
390083	390083	1
558	8835	1
7299	3101	0
4555	4555	1
11059	83737	1
5747	390064	0
118461	64949	0
2560	2560	1
222537	222537	1
2782	124872	0
26664	167227	0
3459	6921	1
7409	55589	0
2017	573	1
124907607	5216	0
23225	8633	0
967	10971	0
5159	558	1
9542	9542	1
90226	4735	0
6731	6731	1
773	9611	0
80834	5788	0
4654	4654	1
4691	406971	0
8536	8536	1
140032	140032	1
207	7529	1
8321	124908327	0
22977	8085	0
51020	4831	0
55698	55698	1
6448	122809	0
64211	64211	1
6009	967	1
653361	392392	0
124907170	124907170	1
7223	1742	0
284486	3607	0
1237	1237	1
64949	558	0
5579	2523	0
1022	87	1
1154	1154	1
58	642843	0
221613	221613	1
23557	5583	1
79346	124907277	0
7031	7031	1
8800	8800	1
5688	5688	1
8310	56479	0
124538	81472	0
8689	1176	0
25828	25828	1
2012	124907292	0
3603	9743	1
55957	55957	1
8189	5364	0
1432	6009	1
90701	90701	1
8704	8704	1
64976	6326	0
219464	219464	1
10971	55070	0
6707	6707	1
11309	51429	0
9126	4907	0
23293	144125	0
3702	23517	0
1365	1365	1
9246	178	0
3883	2912	0
1504	1504	1
1317	124908322	0
4589	4589	1
100101268	406885	0
23498	23498	1
55589	29767	0
9031	7188	0
5241	5241	1
8450	8450	1
3040	4716	1
55651	55651	1
10893	10905	0
5287	5287	1
442891	442891	1
54472	54472	1
60485	6605	0
54626	578	0
29093	29093	1
7011	7392	1
3691	5580	1
1103	10956	0
341640	341640	1
7023	7223	0
23451	51733	0
501	79188	0
3382	3382	1
283208	120227	0
2921	3815	0
9527	9527	1
805	55650	0
5524	3064	0
7484	23381	0
1365	83737	0
3083	7409	1
144125	144125	1
1378	1378	1
4522	10154	0
5562	4609	0
153364	153364	1
55697	5706	0
9113	339761	0
558	5583	0
7832	390093	0
23381	6597	1
8831	8831	1
8504	8504	1
84811	84811	1
100101268	353142	0
5066	5921	1
5583	5590	1
6612	6612	1
1268	200958	1
219431	219431	1
7827	7827	1
54965	1363	0
6811	3772	0
2885	3691	1
653361	653361	1
26301	57292	0
440275	6731	0
8309	7922	0
7791	8744	0
124907690	124907690	1
26272	64750	0
1956	7010	1
10971	7531	1
5295	1013	0
10113	1621	0
10048	7293	0
1613	5781	1
119678	2941	0
22954	22954	1
3480	8065	1
29994	861	0
80781	89869	0
1435	7428	1
26985	26985	1
2121	26538	0
5148	5148	1
10131	5335	0
23072	5796	0
6811	6811	1
10664	3091	1
836	9146	1
2629	2629	1
55970	55970	1
1027	11065	0
124904145	7172	0
5775	983	1
55207	124907306	0
7531	8665	1
10806	54472	0
2064	23432	0
8896	8896	1
3434	26301	0
558	6923	1
4247	10907	0
124908473	1241	0
9063	9063	1
65267	65267	1
2921	2921	1
4690	9978	1
7832	7832	1
6167	8702	0
22977	22977	1
6326	2053	0
1499	7010	0
64901	64901	1
4690	7299	0
8352	1495	0
4224	4224	1
1017	116444	1
3171	3171	1
10911	10911	1
9104	5159	0
10877	340419	0
64928	64928	1
4717	4717	1
113278	10424	0
3551	10136	0
2081	124907277	0
124907192	353142	0
3821	642843	0
26100	8744	0
441272	441272	1
3909	3909	1
5962	6421	1
4556	4556	1
5495	5495	1
1022	3603	1
285641	285641	1
8704	93183	0
886	886	1
51032	51032	1
51128	6772	0
10000	10856	1
29767	29767	1
9451	284486	0
80781	80781	1
2941	1778	0
23389	23389	1
57610	26985	0
10484	124907456	0
2322	5159	1
150684	2690	1
23385	124907595	0
7922	6731	0
26664	26664	1
54904	54904	1
10054	79767	0
5090	5090	1
8405	8405	1
124908503	8370	0
253430	253430	1
124905431	222236	0
6811	10342	0
10979	10979	1
5827	5827	1
5770	55315	0
23432	23432	1
5787	406885	0
3091	3727	1
6448	246721	0
6235	5264	0
1432	4478	1
10347	10347	1
695	695	1
64805	124908503	0
23557	9146	1
353133	1749	0
2322	6923	1
2534	816	1
23708	23708	1
84667	6425	0
5714	5714	1
1436	2885	1
51495	57610	0
133396	133396	1
8452	8452	1
6432	6432	1
124907625	124905787	0
79767	2902	0
6675	3675	0
51085	51085	1
255043	8737	0
57159	57159	1
54472	219432	0
2495	7532	1
79365	4615	0
51181	51181	1
79735	51447	0
107984365	107984365	1
25777	25777	1
124907310	118461	0
4735	50837	0
84667	84667	1
2167	2167	1
1562	26	0
6332	120227	0
5706	285973	0
55207	55207	1
9031	9031	1
3765	23462	0
4842	5335	1
504191	131890	0
125467750	125467750	1
6431	3249	0
3685	5781	0
1910	1910	1
3082	5800	1
8370	27089	0
5270	5270	1
207	4691	1
26056	967	1
4849	23152	0
114798	114798	1
10376	10376	1
1237	432	0
5962	8312	1
10971	7011	1
5977	84701	0
4853	27018	0
1017	1742	1
406884	406884	1
7386	7386	1
9063	7534	0
2690	4690	1
6597	7409	0
4072	4072	1
2834	2834	1
353145	403274	0
3930	3930	1
8354	8354	1
7051	7051	1
124907185	4055	0
116985	6176	0
2981	2981	1
6597	8607	1
256471	80349	0
124903595	3732	0
10991	10991	1
6605	10317	0
84733	56000	0
51520	113	0
8337	5407	0
5747	65264	0
2932	8361	0
6915	26830	0
8876	8876	1
4331	967	1
53904	57016	0
84168	3346	0
11035	11035	1
10799	10799	1
768	124903414	0
4747	5921	1
54431	730249	0
5998	3732	0
3560	5970	1
4735	4735	1
164	1749	0
3818	10956	0
27128	27128	1
121278	121278	1
8065	26525	0
7430	80781	0
4137	638	0
51301	80198	0
1432	3399	1
124907641	124907641	1
56052	3836	0
124907293	344807	0
10000	7520	1
107987478	9388	0
283464	124907650	0
3861	3861	1
54431	54984	0
5542	5542	1
10048	5796	1
195814	195814	1
390093	2788	0
154810	154810	1
124907651	6432	0
100101268	219986	0
11060	114793	0
143686	283464	0
1613	5747	1
3732	376497	0
7031	3101	0
6198	1101	0
406971	406971	1
23462	23462	1
124907694	3737	0
3949	3949	1
699	4999	0
29889	406885	0
7188	83737	0
27180	63924	0
815	8573	1
11019	11019	1
22900	22900	1
25851	5706	0
11309	51256	0
5787	117178	0
124904381	124907578	0
375790	375790	1
2185	5775	1
2534	8835	1
8312	8360	0
1268	7031	0
54148	501	0
220988	124908262	0
4311	4311	1
51301	3231	0
6195	8321	0
919	919	1
124905429	124907185	0
6199	6199	1
6455	124904986	0
23545	25	0
7529	7533	1
113457	6924	1
3732	3732	1
116984	30	0
4573	10791	0
26830	26830	1
5663	5663	1
124907585	124907585	1
4747	5962	1
3551	6195	1
7431	983	1
7031	116444	0
4831	6675	0
7188	7188	1
22900	124907295	0
116443	116444	1
9693	5796	0
124872	285641	0
27018	8312	1
2065	5583	0
5734	5734	1
6645	6645	1
4729	392392	0
23451	23451	1
8334	324	0
5581	8600	0
912	912	1
54738	93100	0
5163	5163	1
3816	319100	0
1910	8573	0
118672	118672	1
29093	8517	0
4572	47	0
120227	59272	0
53842	53842	1
2767	4331	0
51301	6774	0
1045	1045	1
55698	5347	0
1436	7410	1
2081	2634	0
6774	999	1
2639	58494	0
324	3689	0
348	6667	0
25851	5788	0
11149	5921	0
124904140	124904140	1
3127	6654	0
1025	29093	0
4999	695	0
8761	56474	0
143502	143502	1
151531	51802	0
8504	50837	0
220988	5531	0
23072	257397	0
26281	26281	1
3040	891	1
1499	5788	1
26270	124905798	0
81472	343637	0
54461	6548	1
6777	89869	0
8175	54461	0
339745	339745	1
7430	8045	1
23517	11015	0
124908291	124908291	1
3908	65125	0
119678	7066	0
6558	6558	1
3141	30814	0
8312	85440	1
391769	391769	1
57159	10057	0
53904	10933	0
83660	83660	1
2081	5333	0
8761	11001	0
124908338	169044	0
8140	8140	1
1739	26528	0
27097	1392	0
27018	5347	1
57016	973	0
8840	55247	0
2782	4573	0
5295	558	1
3251	201163	0
10445	4609	1
64978	64978	1
5590	6654	1
23152	124907574	0
25	5787	1
480	1146	0
26118	3667	1
4729	127281	0
100507027	55669	0
2690	3717	1
10799	8065	0
113	113	1
6332	6332	1
8045	85440	1
6585	57666	0
5921	6548	1
22827	6774	0
124905775	124905775	1
339745	79346	0
6923	8453	1
63035	1146	0
343172	343172	1
3643	80781	0
11146	2017	1
51083	11091	0
1392	1392	1
5580	57610	1
115024	1241	0
1025	815	1
11157	22933	0
124907320	2629	0
26851	6421	0
57412	3039	0
124907720	124907720	1
8085	57666	0
319100	319100	1
3455	3455	1
3691	8313	0
406888	406888	1
11060	7316	1
6198	7514	1
2981	55326	0
7138	7138	1
8631	1295	0
7410	124904668	0
6605	131890	0
6645	10136	0
699	699	1
3821	3821	1
4716	5066	1
64211	10156	0
10008	10008	1
11040	3815	1
11157	11157	1
94274	94274	1
25847	25847	1
1432	10424	0
3420	124907639	0
3249	7066	0
1499	57610	1
84733	3732	0
390084	390084	1
59	7529	1
6882	2954	0
4035	87	1
55589	2997	0
8202	8202	1
3419	9536	0
820	10877	0
3422	124907589	0
10728	2547	1
124901505	5782	0
347688	8800	0
339745	246721	0
5407	7327	0
3551	5347	1
340485	340485	1
9266	3689	0
133522	29889	0
1211	1211	1
124902847	51020	0
6171	57733	0
56474	56474	1
9132	9132	1
224	79899	0
5833	219983	0
6811	124907153	0
127281	127281	1
79317	4555	0
201163	201163	1
23624	1778	0
199857	23517	0
5283	171389	0
3777	133522	0
124908503	124908503	1
124907267	5023	0
54429	5829	0
126370	126370	1
5145	116984	0
124907267	124907267	1
3141	3141	1
26538	3881	0
165904	165904	1
23225	23225	1
8936	7059	0
3633	124908282	0
124907188	53407	0
107984365	79346	0
51602	222537	0
9547	8631	0
5528	9716	0
3077	3077	1
10342	4999	0
30846	100507027	0
6100	2495	0
1499	7391	1
5296	8065	1
60	8678	1
26301	26301	1
9652	9652	1
1613	2017	1
4794	23095	0
22865	2779	0
5770	867	1
51412	51412	1
7138	51274	0
79017	79017	1
1398	7409	1
10971	3039	1
8900	8900	1
100008589	100008589	1
124907961	150684	0
4359	389692	0
56479	56479	1
124908262	124908262	1
6303	124905771	0
1262	1262	1
79346	6198	0
11146	7409	1
5506	5506	1
1506	9730	0
57733	196527	0
23152	124905791	0
1442	5347	1
406926	100169758	0
6528	120227	0
84706	10075	0
7159	339761	0
3459	8065	1
124908102	124908102	1
403284	403284	1
80349	80349	1
2064	2619	0
90226	5407	0
11309	11309	1
341	9653	0
59345	441024	0
729759	729759	1
1442	26056	1
3559	9392	0
773	55802	0
5347	6772	1
1290	124907295	0
9675	8600	0
5090	57122	0
2037	6332	0
253430	8831	0
9541	341418	0
4550	4247	0
222537	645142	0
4556	107984365	0
81466	11285	0
3459	3718	1
6811	10588	0
3419	3419	1
1022	4842	1
5781	9093	1
3122	3122	1
5499	6421	0
10445	4084	1
2994	55114	0
114609	81603	1
351	351	1
2690	5970	1
9547	9547	1
2475	6605	1
2941	2941	1
1672	23389	0
5216	131890	0
2932	6009	1
7923	4736	0
5579	195814	0
1442	7532	1
9126	65125	0
23057	3320	0
5241	85007	0
3925	27074	0
1349	1349	1
8360	8360	1
29883	29883	1
64850	135112	0
154807	10724	0
58533	2787	0
124907253	124907253	1
7520	643246	0
5583	80176	1
1025	5335	1
6878	124905783	0
164091	3560	0
8704	124908355	0
2329	978	0
1062	1062	1
867	1945	0
2113	3804	0
8065	8835	1
81697	23545	0
8178	124905787	0
7529	5582	0
1910	285643	0
6198	7520	1
6195	7533	1
23557	5295	1
8936	8936	1
54788	442891	0
4709	4709	1
7056	7056	1
51602	3636	0
6778	1749	0
857	219986	0
124907277	143502	0
3603	815	1
55315	124905429	0
27068	27068	1
5524	695	0
100507027	2806	0
8772	7827	0
4771	7531	1
54881	891	0
8631	8631	1
3845	10220	0
255043	124900883	0
10728	3727	1
7832	10092	0
1176	5261	0
2081	2862	0
132864	8452	0
53	406888	0
10134	10134	1
406985	6777	0
3249	3249	1
53904	25	0
5569	5569	1
773	9564	0
124907170	8840	0
978	8665	0
1027	2495	1
5335	5774	1
2153	55080	0
7827	2834	0
6198	8572	0
1778	5469	0
4352	6921	1
51520	10787	0
93643	93643	1
5414	5432	0
8877	84667	0
10229	10229	1
5783	5783	1
573	124907247	0
11001	773	0
3635	867	1
120066	120066	1
119678	10787	0
406885	406885	1
30011	836	1
124905822	10877	0
653	653	1
7923	4297	0
54815	54815	1
51602	3845	0
3845	10445	0
143502	4572	0
23557	3777	0
3764	1460	0
2882	645142	0
1392	2113	0
27097	27097	1
2053	2053	1
3399	5921	1
3836	3836	1
27180	5158	0
124908291	8876	0
407051	407051	1
196743	196743	1
26664	51655	0
23095	343172	0
2323	1237	0
80022	9577	0
1017	124907581	0
5782	9611	0
10048	1613	1
3845	3845	1
26834	26834	1
120227	120227	1
85007	85007	1
3727	6198	1
4771	7529	1
4709	390190	0
2169	114836	0
124908477	124906378	0
1295	5364	0
128178	285643	0
116444	87	1
283208	2053	0
64919	2834	0
1736	124907585	0
4842	8573	1
124903414	124903414	1
2053	2885	0
5827	58533	0
3399	6548	1
493911	493911	1
401661	124907574	0
10332	89790	0
3973	3973	1
2806	999	0
5962	10019	0
2113	7532	1
55247	55247	1
64850	64850	1
353514	406947	0
91319	3434	0
2535	2535	1
26118	3248	0
30814	23498	0
440093	80022	0
3613	3613	1
113457	3560	1
10445	4149	1
55509	55509	1
30846	5688	0
5905	10134	0
4084	6605	1
1613	5023	0
125476	125476	1
27074	27074	1
355	84105	1
116985	116985	1
730249	730249	1
55957	4849	0
2065	5787	1
3559	3559	1
50848	8876	0
200958	30011	1
26533	2678	0
124904983	124904983	1
1506	124905822	0
23114	288	1
5269	114798	0
3231	30846	0
1365	124900883	0
2531	5145	0
84701	84701	1
6129	8835	0
8370	51762	0
355	401666	0
10585	10585	1
57412	51602	0
9992	9992	1
8646	7531	0
3702	8453	1
9349	9349	1
653361	3300	0
4804	51032	0
9500	84249	0
406980	2049	0
4573	124901221	0
2065	57610	1
1045	2121	0
1027	7533	1
124907204	130	0
124908479	64750	0
5024	3249	0
256471	79735	0
3620	2323	0
283446	410	0
8819	8819	1
406926	124908282	0
580	580	1
1027	4747	1
1749	1749	1
2065	5781	1
114836	114836	1
10154	10154	1
4747	6009	1
9392	9392	1
84313	124907456	0
1456	55802	0
1001	153364	0
54145	57292	0
51181	124905775	0
6185	6185	1
9135	653	0
203228	203228	1
8277	283446	0
124904986	83440	0
8323	5787	0
7023	2037	0
9437	3012	0
973	973	1
10971	54461	1
11040	5159	1
4550	4550	1
7299	4572	0
140739	140739	1
26538	26538	1
2017	5770	1
406980	6258	0
3815	5296	1
2064	8835	1
124908524	1163	0
79717	79717	1
116984	116984	1
100507027	124907170	0
10728	10971	1
3816	3816	1
4300	3765	0
124908474	949	0
5563	146664	0
3691	5583	1
9275	9275	1
6195	7531	1
124907199	9241	0
3850	3850	1
7051	93	0
9486	9486	1
353133	353133	1
4084	57733	0
58533	9551	0
3551	51256	1
118461	118461	1
222	10686	0
2185	815	1
221823	5796	0
10489	3716	1
8325	8325	1
5714	1001	0
7431	7531	1
10769	10769	1
3836	57412	0
7327	7327	1
54145	54145	1
116443	815	1
390260	1263	0
133522	5597	0
1163	1163	1
51513	51513	1
80834	80834	1
133396	3737	0
2694	2694	1
4824	3764	0
100500809	4573	0
124905787	773	0
4574	2752	0
100507027	100507027	1
441531	441531	1
5499	4035	0
59345	64928	0
23095	9688	0
3399	4716	1
6210	6210	1
3171	29984	0
124907607	124907607	1
5575	5575	1
3082	6643	1
1435	1436	1
4478	4747	1
1021	55224	0
8354	137970	0
5796	124907204	0
1591	137964	0
124905783	124905783	1
124907174	124907174	1
5066	7529	1
1268	23557	1
9241	442117	0
29984	29984	1
135946	135946	1
125467750	170067	0
93100	93100	1
3101	3101	1
196385	1365	0
10971	8678	1
2847	154807	0
84142	84142	1
1432	4331	1
3674	8831	0
6811	9564	0
1154	4654	0
915	100101268	0
8910	1741	0
1741	87	1
3727	80198	1
406980	406980	1
164	124905791	0
27091	4564	0
26533	8675	0
7410	8065	1
2902	8675	0
22933	127066	0
64928	116985	0
22865	124905802	0
221264	221264	1
58533	58533	1
5787	84105	1
6129	11035	0
124538	113278	0
23451	54904	0
26122	5506	0
113457	3718	1
124907306	368	0
123041	135112	0
3674	3674	1
28964	25828	0
100500809	100500809	1
3717	3815	1
5590	6643	1
4352	1593	0
1956	8453	1
60673	9966	0
5506	3702	0
5578	5582	1
3269	57007	0
3083	138882	0
3565	8665	0
727837	727837	1
124905798	3101	0
3815	6924	1
8471	401661	0
8392	199857	0
2322	8453	1
343637	1456	0
1027	60	1
1378	144125	0
6882	208	0
2562	51301	0
1740	5998	1
26528	26528	1
9688	9688	1
6129	3043	0
22900	6185	0
84249	4573	0
23312	59272	0
11015	4647	0
8392	8392	1
5897	124907679	0
6060	6060	1
406926	406926	1
6921	7010	1
4736	284486	0
1025	3764	0
125476	3105	0
117178	117178	1
107987478	339761	0
6528	4567	0
3083	3635	1
7252	3925	0
6259	6675	0
6774	1003	0
100101268	143502	0
3420	1499	0
124908338	203228	0
6167	8312	0
9246	9246	1
6171	6171	1
341	341	1
29117	29117	1
5774	9093	1
124905431	6737	0
5921	8678	1
124907188	100913187	0
10199	4574	0
1739	4035	1
3320	3727	1
3434	3434	1
5970	6667	1
5087	23353	0
5921	118461	0
1460	7172	0
9113	9113	1
124907595	4249	0
23385	6869	0
59345	59345	1
115727	504191	0
2249	2249	1
1591	1591	1
8337	406884	0
2549	30011	1
3717	7428	1
6829	6829	1
2099	57122	0
84950	5597	0
140032	347688	0
7436	7436	1
6469	9131	0
4690	8065	1
5347	5962	1
2113	27018	1
51083	124907214	0
3881	3881	1
5101	124904145	0
10893	10893	1
5272	27295	0
2554	5588	1
160	160	1
8202	124908282	0
80146	80146	1
353133	3320	0
3091	4149	1
130	51744	0
410	410	1
5781	836	1
574033	6448	0
116443	9743	1
5528	5528	1
124908355	727837	0
26533	26533	1
11149	11149	1
501	257313	0
1268	3636	1
2064	5295	1
164668	164668	1
25	867	1
284486	816	0
6605	7520	1
5583	5788	1
2885	5295	1
5257	80339	0
7430	11285	0
6317	6317	1
8675	8675	1
219874	90	0
6778	6778	1
6772	983	1
3346	3346	1
8310	7410	0
10054	84557	0
558	6924	1
9266	59272	0
2475	6597	1
973	166378	0
6233	6233	1
4297	4297	1
1741	5998	1
390190	100008589	0
558	3419	0
27030	130	0
9104	26056	0
9104	166378	0
440275	440275	1
7481	7481	1
5364	5770	1
4729	4729	1
54904	8140	0
2619	2619	1
358	358	1
84701	124907201	0
5469	5469	1
9266	9266	1
2788	3455	0
80198	3012	0
5581	6654	1
440	80176	0
23114	10762	0
10856	51256	0
51164	51164	1
6233	84890	0
8334	8334	1
25847	57038	0
2208	1736	0
862	1056	0
2078	2329	0
10961	124907321	0
283464	283464	1
5287	7827	0
124905765	124905765	1
5579	8243	1
283093	283093	1
1062	3803	0
406971	10905	0
26118	3082	0
30011	3635	1
5499	125476	0
27018	4478	1
26272	6143	0
219432	219432	1
29906	406888	0
3236	10961	0
219874	133522	0
390084	392391	0
406985	8905	0
9551	9135	0
7529	85440	1
1456	1456	1
5333	353145	0
339745	6923	0
5588	132864	0
64746	64746	1
1869	1045	0
4647	84811	0
5261	5261	1
200315	1462	0
1613	2885	1
343637	343637	1
915	11149	0
124905787	10572	0
124907246	124907246	1
2981	2882	0
119678	119678	1
9693	65260	0
2065	26533	0
3399	5783	0
3777	3777	1
5562	54840	0
768	768	1
3551	4771	1
861	124908477	0
124907277	124907595	0
1027	2113	1
3565	117581	0
4803	4803	1
654364	246721	0
2560	5714	0
124907224	64919	0
23293	124907641	0
7299	7299	1
8692	8692	1
124907607	1363	0
5998	9229	1
164	164	1
3636	5582	1
55070	55070	1
8706	10136	0
759	6431	0
8085	8085	1
5592	5592	1
26528	2954	0
64283	1456	0
81439	85007	0
3551	3883	0
1613	5364	1
79365	54461	0
8334	8737	0
3248	3248	1
1272	23327	1
8692	2173	0
4573	4573	1
80198	56479	0
60673	7922	0
166378	124907246	0
207	8045	1
54	54	1
3737	3737	1
8321	8321	1
124907228	124907228	1
5092	5092	1
10664	8607	1
3765	3765	1
3459	5159	1
11146	58494	0
5539	6199	0
84364	9730	0
107984349	107984349	1
54981	4849	0
5702	5702	1
83737	8724	1
3635	5796	1
2268	23382	0
146664	146664	1
29767	768	0
3064	3064	1
4760	4760	1
124905754	124905754	1
1495	84557	0
10933	1290	0
345630	6789	0
2053	124908336	0
10277	124907293	0
1462	1462	1
23382	390084	0
64949	64949	1
10000	25	1
5827	1824	0
2878	2878	1
64750	124907324	0
9693	9693	1
246721	246721	1
79621	64750	0
1454	5583	0
594855	594855	1
59345	119391	0
3292	3292	1
3320	8607	1
196527	196527	1
23389	440093	0
4735	7791	0
7327	8910	0
124907589	124907589	1
3551	85440	1
10806	4478	1
4771	7532	1
8792	9241	0
238	23095	0
23214	23214	1
8772	3832	0
64386	64386	1
9611	124904668	0
6731	30011	0
120103	51274	0
57292	57292	1
5335	9229	1
26272	137964	0
7520	8607	1
3674	124904145	0
7066	7066	1
113	6235	0
10806	4331	1
8826	8826	1
7172	7172	1
5296	7409	1
653	47	0
65264	65264	1
29984	124907718	0
7170	7170	1
10664	54984	1
1778	1778	1
124907581	124907581	1
4499	4499	1
54981	124907306	0
25851	4300	0
353145	353145	1
122809	5159	0
23389	25885	0
23451	4760	0
7430	891	1
124905327	124905327	1
137970	7031	0
3990	4842	0
5579	57610	1
1398	2690	1
9698	9698	1
5563	29994	0
3198	5774	0
57122	5787	0
4747	60	1
10728	6605	0
3797	8440	0
3560	3702	1
3897	7391	0
51052	51052	1
1200	3725	1
441639	441639	1
54984	6667	1
200958	2549	1
6645	1293	0
5970	10347	0
54981	54981	1
8045	81472	0
3717	81603	1
4771	7431	1
51256	7923	0
29982	29982	1
638	100169768	0
1956	23557	1
3620	3620	1
25	6667	1
5973	5973	1
27030	2912	0
347688	146664	0
5021	3613	0
26287	26287	1
5896	5896	1
8449	8449	1
224	146956	0
112574	59	0
23205	23205	1
23312	4550	0
2912	2912	1
23545	64377	0
5580	5584	1
3043	51808	0
63035	63035	1
79767	79767	1
29982	1071	0
3675	3675	1
5583	5793	1
124908324	124908324	1
5283	5283	1
10163	8704	0
353514	124907320	0
7223	54148	0
84667	55860	0
4794	4794	1
257397	257397	1
10907	10907	1
7484	7484	1
8471	8471	1
124907277	124907277	1
5264	60673	0
29889	51010	0
92421	92421	1
121601	3973	0
84557	81472	0
1027	4716	1
58494	58494	1
118672	6448	0
319100	645142	0
8761	8761	1
8910	27089	0
8312	3816	0
3589	29994	0
9466	10911	0
10000	4149	1
25851	8309	0
124907213	8831	0
1272	285641	0
4647	124907292	0
3908	79735	0
407051	51010	0
4999	4999	1
26056	4331	1
353144	353144	1
2882	4717	0
5962	23624	0
949	6344	0
10057	58533	0
57038	55506	0
9104	7791	0
3040	10971	0
831	831	1
10971	4331	1
29990	8631	0
11258	11258	1
3718	7410	1
3300	339761	0
1944	1944	1
259296	124907589	0
3643	3718	1
124907647	124907647	1
116988	116988	1
4715	27089	0
116985	124908322	0
6643	7409	1
150684	3815	1
26056	30846	0
3434	4849	0
26830	201163	0
64377	65110	0
2912	2199	0
10841	10841	1
9675	9675	1
6707	6643	0
83658	83658	1
3105	3105	1
1495	3292	0
11040	8065	1
124907321	124907321	1
124907170	2517	0
558	8660	1
3702	8065	1
57007	57007	1
5706	5706	1
406985	6171	0
1021	1741	1
1435	6921	1
219983	7923	0
867	11015	0
124901221	2690	0
5802	8631	0
820	124903414	0
51060	4731	0
124904381	80198	0
114609	6924	1
10229	80781	0
3930	8085	0
200958	5770	1
4556	6528	0
219437	219437	1
5562	5562	1
124907292	57007	0
1056	1056	1
353145	3777	0
10588	1956	0
1621	1621	1
90249	1001	0
1241	6777	0
4522	4522	1
11040	729759	0
51520	124908338	0
5903	124908355	0
124538	124538	1
9435	80781	0
11059	4756	0
222537	3083	0
3727	124907267	0
26270	84309	0
6652	6652	1
836	441272	0
222236	222236	1
191	191	1
4609	124907201	0
3737	390093	0
2064	1621	0
1741	2902	1
857	343172	0
7172	5714	0
65057	7011	1
170067	120103	0
137964	137964	1
3613	8840	0
8323	8323	1
480	480	1
1317	1317	1
3481	3481	1
124908479	124908479	1
238	7410	1
558	7010	1
7249	85440	1
124906378	124906378	1
3082	7409	1
283459	283459	1
10136	3633	0
124905771	219431	0
4709	124904145	0
2165	5581	0
51454	729759	0
653	84706	0
7252	7252	1
2034	2034	1
1944	339761	0
3236	3236	1
5800	836	1
27315	26056	0
4572	4572	1
3399	7430	1
23095	23095	1
11065	3419	0
10048	3082	1
27190	27190	1
255043	255043	1
3717	5159	1
3320	4609	1
406986	406986	1
7484	8065	0
729759	79767	0
79735	8737	0
124903595	390083	0
4615	2113	0
11060	6340	1
2495	58	1
2534	7852	1
4986	4986	1
196385	196385	1
6218	6218	1
124904107	10907	0
9349	8334	0
5829	358	0
30814	7357	0
3091	7520	1
2495	4804	1
29994	29994	1
124907648	124907648	1
100532736	100532736	1
124907636	124907636	1
3560	773	0
55207	1071	0
8202	51021	0
124538	5148	0
10131	3772	0
120103	6921	0
26525	3850	0
5407	5407	1
3659	3659	1
10961	10961	1
6198	200315	0
222	222	1
573	5781	1
967	983	1
64902	64902	1
4735	8045	0
2157	2157	1
4999	54965	0
219874	219874	1
3667	7410	1
56903	196527	0
124908322	124908322	1
6317	4544	0
124907170	654364	0
51447	51447	1
3635	5581	1
124905802	55432	0
950	6143	0
6737	345630	0
6878	6878	1
8325	8828	0
30011	6464	1
5693	5693	1
55080	55080	1
137868	137868	1
1454	1454	1
3832	3832	1
253314	253314	1
916	916	1
51454	51454	1
10231	574033	0
80336	4803	0
3115	3115	1
2222	2222	1
2954	2954	1
324	324	1
128966570	4690	0
124907694	124907185	0
3908	9530	0
916	6218	0
64978	124907639	0
1454	79290	0
3560	6924	1
285973	387680	0
200958	3636	1
5580	5795	1
133396	390084	0
1499	4486	1
55802	55802	1
4573	9093	0
53	10376	0
3059	3059	1
124907277	2547	0
55589	55589	1
11040	26118	1
5021	3083	0
55315	55315	1
22865	22865	1
836	867	1
9601	9601	1
26533	3198	0
7529	7531	1
1910	2078	0
8689	8689	1
1268	2017	1
167227	167227	1
3613	7436	0
8309	8309	1
51520	51520	1
207	2475	1
207	208	1
60673	60673	1
124908524	124908524	1
3845	6258	0
114793	6455	0
8760	1456	0
5531	390064	0
124907694	5702	0
54541	124904143	0
10048	5295	1
2862	10400	0
25847	4499	0
128966570	128966570	1
124904986	124904986	1
9241	9241	1
124908361	124908361	1
9437	9437	1
56474	3171	0
8065	8660	1
5833	5833	1
3832	54965	0
4690	8835	1
54984	83737	0
1021	51808	0
578	578	1
84142	8706	0
3122	29767	0
6921	6923	1
124908282	8702	0
5747	6421	1
30011	5584	1
2329	441024	0
4999	10907	0
8660	401666	0
26118	7409	1
401661	8323	0
5542	135946	0
645142	645142	1
341208	3832	0
124872	124872	1
1609	1609	1
154807	154807	1
7520	1211	0
127281	3678	0
3761	3761	1
124905831	124905831	1
26100	26100	1
118460	440153	0
967	10381	0
124904986	3909	0
23072	7251	1
124907703	124907703	1
23353	7923	0
201163	79317	0
222	10585	0
6233	1506	0
23557	196385	0
2099	3106	0
59	85440	1
5573	5573	1
23569	10572	0
27091	27091	1
2495	338398	0
6730	22824	0
23293	3320	1
114793	56953	0
2495	90249	0
1003	1003	1
114609	5159	1
1435	1956	1
2767	2767	1
288	83737	1
10933	3973	0
124907199	124907199	1
5058	7006	0
6167	2249	0
6654	999	1
6595	8607	1
29889	29889	1
8761	9601	0
6326	55698	0
10163	11285	0
25	4691	1
55957	10991	0
6531	6531	1
6605	125476	0
10400	124905429	0
3727	7514	1
5371	146956	0
119548	119548	1
124905798	124905798	1
2199	1101	0
1103	2121	0
124908479	338398	0
54431	54431	1
2201	2357	0
10971	2495	1
200958	80176	1
7059	7329	0
1499	3083	1
26248	27315	0
2157	5594	0
4300	4300	1
1442	2113	1
1460	406882	0
642843	642843	1
7293	7293	1
92421	11285	0
5787	5788	1
27089	27089	1
132864	132864	1
259296	259296	1
51602	23389	0
8840	8840	1
124907320	124907320	1
124908338	952	0
124904381	4794	0
919	5582	0
1869	440	0
167227	727837	0
124908355	124908355	1
3428	9170	0
5297	5297	1
5579	1146	0
124908102	3248	0
64750	64750	1
57122	55070	0
132864	9611	0
10317	10317	1
4574	8352	0
2782	107984349	0
5579	5590	1
1020	107987478	0
84557	114793	0
6882	9170	0
10971	6198	1
124907174	124907574	0
124905787	124905787	1
7430	983	1
1956	5781	1
9075	124904107	0
406947	124907648	0
51128	51128	1
5737	3908	0
9527	4331	0
203228	80349	0
4249	54840	0
5905	5905	1
831	51085	0
8330	8330	1
116985	29889	0
23293	10563	0
406926	285641	0
4574	100532731	0
5774	578	0
2475	7514	1
64976	64976	1
57600	2787	0
5159	5295	1
4544	4544	1
5594	5594	1
2690	3643	1
4499	2787	0
7923	6432	0
124907595	124907595	1
6185	6707	0
3083	5295	1
4831	83660	0
11168	11168	1
440093	440093	1
387680	124900883	0
1456	93643	0
56052	8178	0
6060	51802	0
1495	1495	1
401661	119548	0
406985	406985	1
79899	79899	1
26118	8835	1
2099	6667	1
340419	340419	1
22827	22827	1
403274	85007	0
7172	10686	0
55698	6548	0
5158	5158	1
119391	119391	1
54148	55845	0
653	124908356	0
26851	26851	1
1506	1506	1
124908356	22933	0
3040	196385	0
1146	1146	1
65263	65263	1
1317	6654	0
64928	200958	0
146664	51520	0
1778	256471	0
4716	8665	1
11168	3732	0
10199	27018	0
224	5270	0
8313	84557	0
6548	7531	1
54148	54148	1
140679	140679	1
3320	7392	1
7942	7942	1
805	805	1
4552	4552	1
10971	207	1
353145	124907720	0
3850	11091	0
5836	5836	1
358	5216	0
3399	4747	1
4794	64805	0
6120	6120	1
3861	5563	0
139189	6448	0
10332	6878	0
638	638	1
7159	7159	1
5148	10933	0
2549	84105	1
55012	55012	1
10888	10888	1
10787	10787	1
9113	29883	0
2268	2268	1
5788	6464	1
11040	3643	1
643246	643246	1
23095	10484	0
2549	355	1
79346	79346	1
2561	9743	0
10199	10199	1
3455	6262	0
493911	4300	0
6469	6469	1
6605	79868	0
3635	6541	0
6921	7428	1
30846	30846	1
9500	9500	1
5905	23381	0
208	4609	1
124907192	124907192	1
3824	3824	1
10131	23214	0
949	10971	0
5973	886	0
4301	1262	0
4849	4849	1
4691	7391	1
3122	8352	0
5774	867	1
124872	4567	0
359	25777	0
390190	390190	1
1956	7410	1
11015	11015	1
10664	3725	1
9063	5584	0
79735	7128	0
1027	8665	1
324	29906	0
440093	10113	0
11091	11091	1
340980	55224	0
56001	1237	0
1001	836	0
5977	54429	0
2690	81603	1
79993	79993	1
1740	5905	0
4747	6195	1
2199	2199	1
84890	84890	1
1317	2255	0
55589	224	0
6874	6874	1
340980	340980	1
2017	4486	1
8737	8737	1
5145	124908489	0
826	55315	0
30814	30814	1
5788	6643	1
3883	3883	1
2690	6923	1
4986	3716	0
4247	3772	0
116988	160	0
9131	9131	1
5148	58	0
26525	26525	1
7520	6100	0
124907293	124907293	1
11337	5590	1
4615	410	0
2523	2523	1
3420	3420	1
7409	23708	0
2185	2902	1
163	653	0
6643	999	1
51020	51020	1
10342	10342	1
56000	10907	0
9170	9170	1
219983	219983	1
5921	6195	1
376497	100130302	0
23451	124908282	0
51077	51077	1
57600	57600	1
407049	8323	0
121278	2885	0
5371	8337	0
11309	64979	0
4247	4247	1
5957	5241	0
84313	1937	0
55845	55845	1
6528	6528	1
5793	9146	1
135948	5347	0
5747	9146	1
256471	256471	1
84105	999	1
978	978	1
64786	64786	1
4300	120103	0
57600	3106	0
10728	6595	1
390084	826	0
7409	8835	1
150684	5159	1
124908336	124908336	1
11065	11065	1
2065	5774	1
