124903414	124903414	1
5066	5921	1
4300	4300	1
1340	1340	1
54904	54904	1
9601	9601	1
60485	60485	1
645142	645142	1
3399	5921	1
10092	10092	1
64805	64805	1
5575	5575	1
10048	5364	1
1200	4609	1
5588	5795	1
2534	7852	1
59345	59345	1
3249	3249	1
338376	338376	1
116443	9743	1
339745	339745	1
6811	6811	1
3909	3909	1
9652	9652	1
2690	3717	1
25885	25885	1
10672	2781	1
4072	4072	1
56953	56953	1
441272	441272	1
3248	3248	1
124907625	124907625	1
89869	89869	1
7430	7431	1
3635	5796	1
6340	7329	1
124905754	124905754	1
5429	5429	1
5787	84105	1
118461	118461	1
8646	8646	1
51021	51021	1
10728	4609	1
195814	195814	1
440	440	1
6558	6558	1
207	208	1
23114	288	1
340980	340980	1
124905791	124905791	1
831	831	1
114609	6923	1
124907607	124907607	1
403284	403284	1
208	4149	1
8760	8760	1
83440	83440	1
3717	7428	1
5788	5796	1
1263	1263	1
51318	51318	1
124901221	124901221	1
153364	153364	1
10382	10382	1
150684	2534	1
9479	9479	1
3459	6921	1
10347	10347	1
6455	6455	1
8045	85440	1
10971	4747	1
2169	2169	1
3973	3973	1
2249	2249	1
10048	5774	1
199857	199857	1
375790	375790	1
3039	4747	1
6921	7010	1
65263	65263	1
5578	5582	1
642843	642843	1
253314	253314	1
406988	406988	1
131890	131890	1
150684	7010	1
6774	867	1
4716	8312	1
80022	80022	1
11015	11015	1
1295	1295	1
4842	5335	1
1499	6774	1
3198	3198	1
2549	5800	1
1021	2185	1
112574	112574	1
124907720	124907720	1
7011	7514	1
51301	51301	1
1101	1101	1
390084	390084	1
1398	3702	1
2475	6605	1
124907246	124907246	1
255043	255043	1
79899	79899	1
390260	390260	1
8600	8600	1
100130302	100130302	1
9542	9542	1
6340	8724	1
3320	8607	1
2562	2562	1
5518	5518	1
10317	10317	1
3589	3589	1
3083	80176	1
353145	353145	1
151531	151531	1
79346	79346	1
10113	10113	1
6009	7249	1
2064	4690	1
64926	64926	1
5335	9229	1
3667	7410	1
124907293	124907293	1
207	85440	1
10424	10424	1
9530	9530	1
3480	7006	1
30011	5584	1
4609	4691	1
1499	7534	1
10664	54984	1
51454	51454	1
2885	3691	1
1672	1672	1
117581	117581	1
65110	65110	1
638	638	1
114609	6924	1
816	8573	1
64746	64746	1
10686	10686	1
3399	6548	1
1268	200958	1
5531	5531	1
10207	9229	1
815	8573	1
5145	5145	1
2081	2081	1
8471	8471	1
7436	7436	1
259296	259296	1
8905	8905	1
220988	220988	1
124908324	124908324	1
10979	10979	1
2167	2167	1
124905783	124905783	1
401667	401667	1
1499	7391	1
9104	9104	1
57600	57600	1
10971	3039	1
58	6548	1
5058	5058	1
4055	4055	1
163	163	1
7430	8045	1
8352	8352	1
124907170	124907170	1
208	4609	1
3560	5970	1
9031	9031	1
2322	5159	1
1613	80176	1
94274	94274	1
2957	2957	1
1398	3560	1
3481	3481	1
51649	51649	1
785	785	1
1027	1432	1
26118	3667	1
29117	29117	1
1749	1749	1
22824	22824	1
4352	6921	1
124905431	124905431	1
729759	729759	1
2049	2049	1
4331	5747	1
127066	127066	1
727837	727837	1
836	867	1
10134	10134	1
3815	6924	1
2185	2902	1
63035	63035	1
387	387	1
2495	4804	1
29943	29943	1
116443	815	1
125476	125476	1
30846	30846	1
3077	3077	1
5338	5338	1
826	826	1
90	90	1
8772	8772	1
2629	2629	1
1442	5921	1
466	466	1
23057	23057	1
351	351	1
51655	51655	1
573	5781	1
80349	80349	1
6772	983	1
120227	120227	1
196385	196385	1
5747	57610	1
7791	7791	1
6176	6176	1
6206	6206	1
2017	5295	1
8330	8330	1
27089	27089	1
114609	81603	1
768	768	1
4736	4736	1
124907577	124907577	1
10971	7531	1
124907581	124907581	1
5528	5528	1
7128	7128	1
11168	11168	1
4550	4550	1
5781	6774	1
353142	353142	1
119548	119548	1
219986	219986	1
124907204	124907204	1
558	8835	1
23545	23545	1
10332	10332	1
4552	4552	1
49861	49861	1
285973	285973	1
6874	6874	1
2882	2882	1
3419	3419	1
120103	120103	1
10664	4609	1
27128	27128	1
5796	6654	1
1027	4747	1
79317	79317	1
3636	5582	1
1435	7428	1
10131	10131	1
1956	7410	1
124907292	124907292	1
2787	2787	1
5774	9093	1
1398	2690	1
26272	26272	1
124907650	124907650	1
2554	5580	1
28964	28964	1
207	7391	1
116988	116988	1
1045	1045	1
4589	4589	1
167227	167227	1
2752	2752	1
126370	126370	1
1013	1013	1
2534	816	1
80326	80326	1
5101	5101	1
2788	2788	1
912	912	1
5371	80198	1
3459	5970	1
11146	2017	1
1358	1358	1
55669	55669	1
1741	5998	1
1956	7428	1
1398	9978	1
2847	2847	1
319100	319100	1
341640	341640	1
6595	8607	1
23225	23225	1
1436	7410	1
1025	815	1
3115	3115	1
50848	50848	1
55080	55080	1
1021	5998	1
124908262	124908262	1
2065	5787	1
10664	3725	1
2185	5775	1
5770	6643	1
81466	81466	1
8704	8704	1
7006	81603	1
2534	8835	1
1021	3603	1
1017	1742	1
115201	115201	1
8623	8623	1
9437	9437	1
124907651	124907651	1
83658	83658	1
1237	1237	1
3613	3613	1
200958	5770	1
54840	54840	1
146956	146956	1
2495	85440	1
22954	22954	1
54461	58	1
867	9093	1
2017	9093	1
164668	164668	1
55650	55650	1
1176	1176	1
1956	836	1
3399	7430	1
3990	3990	1
4716	5066	1
208	6667	1
1398	6923	1
6167	6167	1
6591	6591	1
238	81603	1
285641	285641	1
11091	11091	1
3459	3716	1
10519	208	1
2173	2173	1
1499	5788	1
124907185	124907185	1
8910	8910	1
222236	222236	1
116028	116028	1
124908477	124908477	1
5295	558	1
84811	84811	1
124907647	124907647	1
11059	83737	1
11060	6340	1
805	805	1
160	160	1
26985	26985	1
2121	2121	1
10048	5295	1
6210	6210	1
200958	2549	1
5269	5269	1
124904145	124904145	1
100507027	100507027	1
132864	132864	1
6528	6528	1
1499	54984	1
4842	8573	1
9170	9170	1
2885	30011	1
10054	10054	1
4849	4849	1
2932	7430	1
5499	5499	1
7249	8665	1
9275	9275	1
3635	5581	1
390067	390067	1
5737	9536	1
389692	389692	1
820	820	1
54881	54881	1
3883	3883	1
1073	1073	1
2185	815	1
9349	9349	1
6511	6511	1
29994	29994	1
3821	3821	1
23432	23432	1
26056	7533	1
191	191	1
3717	5159	1
10519	10971	1
124905765	124905765	1
29767	29767	1
10856	7392	1
5973	5973	1
406882	406882	1
84313	84313	1
57122	57122	1
23409	23409	1
124905822	124905822	1
54145	54145	1
5163	5163	1
4544	4544	1
124902847	124902847	1
1363	1363	1
288	83737	1
222	222	1
200958	3636	1
84451	84451	1
30814	30814	1
1019	815	1
1272	23327	1
3320	3727	1
10623	10623	1
8876	8876	1
432	432	1
10971	54461	1
11060	7316	1
4690	8835	1
7922	7922	1
137868	137868	1
1741	87	1
30011	5580	1
355	5295	1
10000	4149	1
3560	3815	1
5590	6654	1
84142	84142	1
2941	2941	1
124900915	124900915	1
30011	836	1
2201	2201	1
207	60	1
93643	93643	1
7529	7531	1
658	658	1
695	695	1
919	919	1
5580	5796	1
51744	51744	1
4191	4191	1
3702	7409	1
4137	4137	1
60	7431	1
3399	4716	1
54429	54429	1
25	4691	1
5921	967	1
1869	1869	1
51274	51274	1
1025	5775	1
8744	8744	1
353144	353144	1
5364	5747	1
10154	10154	1
26538	26538	1
8202	8202	1
6605	7514	1
1432	4331	1
407051	407051	1
2690	5295	1
340485	340485	1
64979	64979	1
3691	80176	1
8360	8360	1
5800	836	1
1956	8453	1
3716	558	1
23498	23498	1
2152	2152	1
51762	51762	1
29093	29093	1
124900883	124900883	1
253430	253430	1
7481	7481	1
816	983	1
113	113	1
10075	10075	1
2113	7532	1
8896	8896	1
100008589	100008589	1
952	952	1
2475	6597	1
5793	9146	1
1021	1741	1
4352	558	1
7409	8835	1
207	54461	1
355	5782	1
2017	4486	1
1613	5583	1
6923	8660	1
2885	84105	1
124907192	124907192	1
3040	60	1
64579	64579	1
26528	26528	1
2561	815	1
100500809	100500809	1
7520	8607	1
9966	9966	1
6869	6869	1
6789	6789	1
5921	8665	1
79188	79188	1
3925	3925	1
2495	8665	1
81697	81697	1
11040	8065	1
3708	3708	1
100169758	100169758	1
54626	54626	1
2322	558	1
1609	1609	1
27018	7430	1
55207	55207	1
283464	283464	1
8631	8631	1
10762	10762	1
4691	7391	1
3434	3434	1
11146	5787	1
2554	5588	1
3643	8660	1
5770	867	1
5090	5090	1
200958	80176	1
2199	2199	1
6597	6601	1
8392	8392	1
5796	84105	1
6916	6916	1
10136	10136	1
3064	3064	1
140739	140739	1
5583	80176	1
8877	8877	1
56001	56001	1
23557	5295	1
513	513	1
3083	3635	1
10956	10956	1
3620	3620	1
5569	5569	1
2065	999	1
5583	6643	1
1435	3718	1
7430	891	1
1103	1103	1
9541	9541	1
1003	1003	1
55506	55506	1
6303	6303	1
406980	406980	1
140679	140679	1
30011	9093	1
387680	387680	1
6195	7533	1
3551	51256	1
27092	27092	1
3231	3231	1
2690	4690	1
10905	10905	1
54788	54788	1
8737	8737	1
119678	119678	1
3861	3861	1
653	653	1
5833	5833	1
4715	4715	1
29785	29785	1
124908291	124908291	1
6531	6531	1
5747	59	1
5297	5297	1
143502	143502	1
8452	8452	1
3106	3106	1
5583	5788	1
3725	6198	1
5579	5796	1
4794	4794	1
391769	391769	1
10000	10445	1
10000	5371	1
1398	2885	1
1755	1755	1
2690	5970	1
441024	441024	1
23557	5782	1
124907641	124907641	1
1022	4842	1
7531	7533	1
84667	84667	1
3725	8607	1
1435	6921	1
504191	504191	1
3727	7514	1
200958	2065	1
219983	219983	1
7159	7159	1
1945	1945	1
441531	441531	1
1435	2534	1
4999	4999	1
4756	4756	1
1027	2113	1
5962	8312	1
7324	7324	1
6778	6778	1
3635	5335	1
1741	2902	1
65057	8607	1
10971	7534	1
5066	7249	1
10877	10877	1
27018	8312	1
5770	836	1
55612	55612	1
113457	3718	1
59	7430	1
6218	6218	1
4907	4907	1
1021	4035	1
4804	7430	1
10911	10911	1
5296	8065	1
26270	26270	1
30	30	1
4716	5921	1
1022	87	1
3717	5295	1
8140	8140	1
57552	57552	1
124904983	124904983	1
967	983	1
10376	10376	1
55845	55845	1
5087	5087	1
8809	8809	1
80146	80146	1
54984	80198	1
1460	1460	1
9698	9698	1
11040	5159	1
5594	5594	1
150684	8453	1
53407	53407	1
124907174	124907174	1
2885	3082	1
836	9146	1
6878	6878	1
125467750	125467750	1
3428	3428	1
7531	8665	1
1290	1290	1
124907456	124907456	1
10331	10331	1
2954	2954	1
594855	594855	1
3551	4478	1
3551	85440	1
2885	4352	1
4035	9743	1
54815	54815	1
26248	26248	1
1200	7011	1
2157	2157	1
100528032	100528032	1
3559	3559	1
7386	7386	1
5542	5542	1
4301	4301	1
55589	55589	1
627	627	1
2017	5770	1
3702	8065	1
699	699	1
5714	5714	1
128966570	128966570	1
6921	7428	1
64319	64319	1
3091	4149	1
1956	5795	1
9688	9688	1
4359	4359	1
219431	219431	1
124905802	124905802	1
30011	6464	1
100526794	100526794	1
353133	353133	1
10048	3082	1
51060	51060	1
138882	138882	1
8310	8310	1
11040	1436	1
3480	5295	1
7484	7484	1
3803	3803	1
11040	3643	1
57007	57007	1
146664	146664	1
10791	10791	1
1956	5781	1
11337	5590	1
59	85440	1
4804	5747	1
7327	7327	1
3382	3382	1
1956	7010	1
26100	26100	1
8840	8840	1
1398	7010	1
7430	983	1
9577	9577	1
10563	10563	1
11149	11149	1
10728	3727	1
54431	54431	1
124872	124872	1
124907253	124907253	1
5580	57610	1
3897	3897	1
90701	90701	1
4690	9978	1
10000	7520	1
27030	27030	1
54461	8312	1
26118	8835	1
107984365	107984365	1
25	867	1
1432	7532	1
8828	8828	1
283093	283093	1
203228	203228	1
8773	8773	1
133396	133396	1
5747	6421	1
57733	57733	1
207	2547	1
25828	25828	1
8334	8334	1
124907213	124907213	1
8437	8437	1
6009	8665	1
124907267	124907267	1
4352	7010	1
5021	5021	1
22933	22933	1
3082	7409	1
208	2099	1
2043	2043	1
23557	3082	1
3643	558	1
54461	8045	1
27183	27183	1
238	7410	1
56479	56479	1
10787	10787	1
79868	79868	1
3635	867	1
54984	6667	1
56000	56000	1
124908355	124908355	1
54541	54541	1
100101268	100101268	1
5962	6421	1
23381	3727	1
7059	7059	1
1456	1456	1
3659	3659	1
3300	3300	1
1591	1591	1
6344	6344	1
344807	344807	1
861	861	1
1956	3717	1
150684	3560	1
135948	135948	1
6730	6730	1
11040	3815	1
124907321	124907321	1
10971	3040	1
84168	84168	1
11146	7409	1
345630	345630	1
124904381	124904381	1
124904140	124904140	1
6233	6233	1
653361	653361	1
390093	390093	1
114793	114793	1
3643	7006	1
10971	6548	1
120066	120066	1
8361	8361	1
5506	5506	1
124902333	124902333	1
222537	222537	1
65057	6605	1
53842	53842	1
390190	390190	1
4647	4647	1
4747	6195	1
1956	5295	1
10971	8678	1
4654	4654	1
5296	7409	1
6548	7531	1
3320	4609	1
3101	3101	1
160851	160851	1
8675	8675	1
51083	51083	1
4499	4499	1
7223	7223	1
4249	4249	1
1499	3083	1
135946	135946	1
10841	10841	1
1432	4478	1
10277	10277	1
221613	221613	1
3459	8065	1
10519	1200	1
1562	1562	1
22977	22977	1
3459	3718	1
169044	169044	1
124907718	124907718	1
355	573	1
5066	8045	1
56052	56052	1
10961	10961	1
406888	406888	1
2902	3603	1
60	7532	1
208	7011	1
10000	25	1
27190	27190	1
6235	6235	1
1956	81603	1
64786	64786	1
2554	5584	1
124907639	124907639	1
55605	55605	1
25851	25851	1
442117	442117	1
414328	414328	1
410	410	1
51520	51520	1
11285	11285	1
26281	26281	1
2017	5579	1
4574	4574	1
7138	7138	1
178	178	1
1200	3725	1
10971	7011	1
558	8660	1
5066	8665	1
10163	10163	1
5257	5257	1
11019	11019	1
9075	9075	1
127281	127281	1
135112	135112	1
2495	26056	1
23114	6340	1
246721	246721	1
5775	983	1
2268	2268	1
51077	51077	1
3716	8835	1
2948	2948	1
5783	5783	1
642517	642517	1
4804	54461	1
4331	6772	1
57159	57159	1
2885	7316	1
124907224	124907224	1
1062	1062	1
3565	3565	1
3091	65057	1
3737	3737	1
56474	56474	1
3603	9743	1
7293	7293	1
1495	1495	1
5905	5905	1
65057	7514	1
3141	3141	1
81439	81439	1
1504	1504	1
56903	56903	1
578	578	1
91319	91319	1
9693	9693	1
4747	5962	1
3836	3836	1
2678	2678	1
84890	84890	1
57823	57823	1
4084	6605	1
26834	26834	1
23072	7251	1
238	8453	1
83737	8724	1
1027	7533	1
6060	6060	1
65125	65125	1
25	54984	1
2322	238	1
2878	2878	1
324	324	1
54461	7533	1
51010	51010	1
137964	137964	1
2495	967	1
6777	6777	1
8792	8792	1
103	103	1
124538	124538	1
343172	343172	1
25	6667	1
5590	5788	1
406926	406926	1
4555	4555	1
10806	59	1
23557	5583	1
23389	23389	1
10870	10870	1
2322	6923	1
406884	406884	1
26056	967	1
23557	867	1
143686	143686	1
80834	80834	1
51256	59	1
7827	7827	1
121278	121278	1
26118	5295	1
1398	3717	1
5787	5788	1
2690	3643	1
6326	6326	1
60	6195	1
2255	2255	1
5524	5524	1
4735	4735	1
8996	8996	1
3082	6643	1
5688	5688	1
113457	3560	1
6448	6448	1
5578	5580	1
5562	5562	1
124905777	124905777	1
1001	1001	1
124905787	124905787	1
348	348	1
3716	7010	1
4771	5066	1
124907648	124907648	1
79767	79767	1
124908361	124908361	1
84733	84733	1
7529	8312	1
3560	4352	1
10048	5796	1
5583	5590	1
124908473	124908473	1
5579	5793	1
4564	4564	1
1268	5295	1
3551	4771	1
55697	55697	1
116985	116985	1
64976	64976	1
137970	137970	1
55224	55224	1
57292	57292	1
8800	8800	1
406947	406947	1
3818	3818	1
2012	2012	1
2994	2994	1
55651	55651	1
401661	401661	1
10728	2547	1
80198	8607	1
1593	1593	1
124907201	124907201	1
57666	57666	1
124907578	124907578	1
5970	7010	1
124907247	124907247	1
6120	6120	1
9126	9126	1
3551	6195	1
558	8453	1
3689	3689	1
9466	9466	1
84991	84991	1
80339	80339	1
6143	6143	1
5159	5295	1
10342	10342	1
8337	8337	1
9992	9992	1
9113	9113	1
4716	8665	1
1778	1778	1
8309	8309	1
2690	6923	1
54472	54472	1
2475	4149	1
5781	9093	1
5903	5903	1
857	857	1
124908102	124908102	1
6597	8607	1
1392	1392	1
8321	8321	1
5702	5702	1
5957	5957	1
3674	3674	1
4747	8045	1
1613	6654	1
1017	116444	1
9063	9063	1
654364	654364	1
406885	406885	1
51032	51032	1
123041	123041	1
1613	2017	1
3251	3251	1
8536	8536	1
2322	8453	1
2694	2694	1
127623	127623	1
4035	87	1
8689	8689	1
4853	4853	1
11040	4690	1
26122	26122	1
4556	4556	1
150684	3815	1
25777	25777	1
2997	2997	1
124907589	124907589	1
1027	8665	1
124908500	124908500	1
1613	2885	1
949	949	1
84706	84706	1
2523	2523	1
3083	5335	1
2619	2619	1
64283	64283	1
1454	1454	1
4224	4224	1
580	580	1
5782	6654	1
5970	65057	1
1019	1741	1
2932	6772	1
5159	558	1
93100	93100	1
1317	1317	1
10019	10019	1
1613	5580	1
1027	4716	1
51412	51412	1
1436	2885	1
10207	4842	1
5747	9146	1
207	2475	1
7031	7031	1
84557	84557	1
1613	5582	1
8572	8572	1
2475	7514	1
4084	5371	1
10445	4084	1
224	224	1
207	4084	1
124907167	124907167	1
341418	341418	1
6195	7531	1
10156	10156	1
65057	7011	1
2017	5781	1
64949	64949	1
3717	81603	1
407049	407049	1
7410	8065	1
9451	9451	1
2099	6667	1
10728	3725	1
51602	51602	1
6915	6915	1
2099	23381	1
392392	392392	1
116984	116984	1
23353	23353	1
84063	84063	1
3804	3804	1
2534	26118	1
2208	2208	1
3625	3625	1
5781	836	1
1442	967	1
7172	7172	1
4092	4092	1
3691	5588	1
55698	55698	1
10888	10888	1
3459	5159	1
10907	10907	1
9562	9562	1
8504	8504	1
11258	11258	1
5998	9229	1
5663	5663	1
7299	7299	1
355	5580	1
124907153	124907153	1
164091	164091	1
4478	7529	1
27074	27074	1
51495	51495	1
238	8835	1
816	9229	1
79017	79017	1
10806	4804	1
7942	7942	1
55012	55012	1
8440	8440	1
26287	26287	1
4311	4311	1
440093	440093	1
3083	5795	1
6991	6991	1
124907636	124907636	1
10445	10971	1
4086	4086	1
23385	23385	1
5592	5592	1
59	7529	1
403274	403274	1
1022	3603	1
2495	7532	1
3043	3043	1
3294	3294	1
84265	84265	1
1378	1378	1
1200	2099	1
196527	196527	1
2862	2862	1
341208	341208	1
4690	6923	1
8761	8761	1
1268	5584	1
3122	3122	1
121601	121601	1
9730	9730	1
6707	6707	1
84441	84441	1
1442	26056	1
1436	3643	1
2782	2782	1
6731	6731	1
3635	9093	1
113457	8660	1
8706	8706	1
2078	2078	1
90226	90226	1
64978	64978	1
3635	4486	1
392391	392391	1
10769	10769	1
6171	6171	1
124907295	124907295	1
124907694	124907694	1
25	7520	1
23095	23095	1
85363	85363	1
10400	10400	1
6184	6184	1
113457	150684	1
84309	84309	1
3772	3772	1
9132	9132	1
5579	8243	1
4729	4729	1
3691	5580	1
154807	154807	1
916	916	1
3399	4747	1
5066	7529	1
343637	343637	1
5539	5539	1
1163	1163	1
10728	7514	1
11157	11157	1
2779	2779	1
171389	171389	1
1956	4352	1
100532736	100532736	1
128966744	128966744	1
8312	85440	1
341	341	1
8085	8085	1
4803	4803	1
3420	3420	1
10588	10588	1
3633	3633	1
4804	5347	1
5295	6464	1
30011	3635	1
1956	23557	1
133522	133522	1
3667	7852	1
58533	58533	1
10445	4609	1
57610	80176	1
1435	1956	1
207	8045	1
51135	51135	1
4771	5747	1
219982	219982	1
8449	8449	1
3764	3764	1
124908485	124908485	1
124907573	124907573	1
25	2547	1
4247	4247	1
116444	87	1
3040	891	1
101954275	101954275	1
114609	1956	1
107984349	107984349	1
5734	5734	1
5921	8678	1
5579	5588	1
10057	10057	1
3761	3761	1
9266	9266	1
114609	8065	1
79621	79621	1
10381	10381	1
9135	9135	1
84105	999	1
3236	3236	1
355	999	1
124907320	124907320	1
113457	5159	1
238	9978	1
5432	5432	1
9564	9564	1
442910	442910	1
107987478	107987478	1
221823	221823	1
5896	5896	1
5579	57610	1
11001	11001	1
10724	10724	1
5800	6654	1
5970	6667	1
6262	6262	1
8325	8325	1
2113	26056	1
7431	983	1
26533	26533	1
115024	115024	1
8065	8835	1
124908336	124908336	1
8819	8819	1
1613	6774	1
3717	7410	1
26007	26007	1
64211	64211	1
3607	3607	1
4717	4717	1
55247	55247	1
6605	7520	1
124905429	124905429	1
124908474	124908474	1
22941	22941	1
5573	5573	1
359	359	1
165904	165904	1
10971	6198	1
6921	6923	1
4296	6804	1
3832	3832	1
406985	406985	1
2517	2517	1
124904986	124904986	1
6643	7409	1
4716	85440	1
47	47	1
10008	10008	1
730249	730249	1
4771	7431	1
1268	5770	1
3551	8045	1
22827	22827	1
27068	27068	1
2549	30011	1
29883	29883	1
114609	5159	1
3551	7431	1
2932	6548	1
8189	8189	1
124905798	124905798	1
3727	7520	1
4331	967	1
5584	9093	1
8493	8493	1
3127	3127	1
8692	8692	1
257313	257313	1
3269	3269	1
5347	5747	1
3718	7410	1
915	915	1
114609	2322	1
1687	1687	1
238	2534	1
10806	1442	1
1824	1824	1
5921	6195	1
54984	6605	1
6645	6645	1
2534	8065	1
9486	9486	1
10171	10171	1
2037	2037	1
124907574	124907574	1
4352	7428	1
124907274	124907274	1
5270	5270	1
26301	26301	1
1435	1436	1
355	84105	1
8065	8660	1
3675	3675	1
3824	3824	1
10048	1613	1
5796	6774	1
100532731	100532731	1
1268	3636	1
3012	3012	1
22794	22794	1
3636	4486	1
390064	390064	1
10519	3091	1
124907332	124907332	1
11060	23114	1
200958	999	1
4478	6421	1
29990	29990	1
6009	7533	1
51164	51164	1
124908524	124908524	1
27018	85440	1
164	164	1
2767	2767	1
5829	5829	1
81472	81472	1
3636	5781	1
10489	8065	1
23205	23205	1
51447	51447	1
2065	57610	1
55970	55970	1
25	573	1
6259	6259	1
3459	4690	1
1136	1136	1
3040	4716	1
7011	7392	1
1241	1241	1
10971	2547	1
10971	2495	1
3727	6198	1
54738	54738	1
2053	2053	1
407054	407054	1
5693	5693	1
4035	815	1
759	759	1
6317	6317	1
4709	4709	1
7529	85440	1
2153	2153	1
124907239	124907239	1
6652	6652	1
5158	5158	1
10806	4478	1
207	59	1
376497	376497	1
3930	3930	1
1025	5335	1
139189	139189	1
10585	10585	1
3551	5347	1
6772	891	1
11040	9978	1
9241	9241	1
3716	7409	1
6541	6541	1
3083	7409	1
53904	53904	1
144125	144125	1
124903595	124903595	1
113278	113278	1
5092	5092	1
100169768	100169768	1
390083	390083	1
201163	201163	1
4771	7532	1
133	133	1
63924	63924	1
1268	2017	1
124907330	124907330	1
114609	1435	1
1499	4486	1
4824	4824	1
64750	64750	1
4731	4731	1
1349	1349	1
93183	93183	1
3908	3908	1
8354	8354	1
23381	6597	1
5023	5023	1
55957	55957	1
5788	6464	1
26056	85440	1
9794	9794	1
5921	85440	1
51128	51128	1
27097	27097	1
5581	6654	1
10000	23381	1
51020	51020	1
1154	1154	1
10207	816	1
57412	57412	1
124907703	124907703	1
118672	118672	1
23382	23382	1
124907595	124907595	1
25	5787	1
29984	29984	1
10728	6595	1
27018	4478	1
5579	5590	1
1506	1506	1
117178	117178	1
26830	26830	1
6612	6612	1
2534	87	1
7431	7531	1
65264	65264	1
4986	4986	1
207	3039	1
4747	5921	1
170067	170067	1
124907961	124907961	1
6737	6737	1
114798	114798	1
9653	9653	1
6129	6129	1
2885	7006	1
5024	5024	1
85007	85007	1
5579	5788	1
154810	154810	1
10484	10484	1
116443	116444	1
3399	7529	1
29889	29889	1
146	146	1
10991	10991	1
64901	64901	1
23462	23462	1
3717	6923	1
862	862	1
1740	5998	1
368	368	1
5747	7534	1
23001	23001	1
50837	50837	1
1442	5347	1
6675	6675	1
8826	8826	1
54965	54965	1
60	7531	1
347688	347688	1
3778	3778	1
558	7010	1
57016	57016	1
2885	7428	1
2921	2921	1
150684	2690	1
3480	8065	1
124906378	124906378	1
6009	967	1
5580	6774	1
358	358	1
283208	283208	1
2690	81603	1
2912	2912	1
3691	5583	1
7023	7023	1
6829	6829	1
4831	4831	1
6654	999	1
4747	60	1
1613	5364	1
1200	6198	1
23557	3636	1
1499	57610	1
1027	60	1
5580	5795	1
124904668	124904668	1
23312	23312	1
128178	128178	1
2981	2981	1
10664	8607	1
27295	27295	1
5287	5287	1
8900	8900	1
79290	79290	1
6258	6258	1
6581	6581	1
124905831	124905831	1
55509	55509	1
55802	55802	1
10120	10120	1
1293	1293	1
5971	5971	1
6185	6185	1
207	3725	1
3717	3815	1
1741	8573	1
1071	1071	1
9547	9547	1
80781	80781	1
7249	85440	1
558	6924	1
8555	8555	1
207	7529	1
1146	1146	1
2549	355	1
3320	7392	1
1937	1937	1
4690	8065	1
1739	4035	1
90249	90249	1
8370	8370	1
1613	5781	1
3603	815	1
84701	84701	1
79735	79735	1
23557	9146	1
79717	79717	1
22865	22865	1
1741	1742	1
4609	6597	1
3292	3292	1
124907273	124907273	1
4522	4522	1
4771	7531	1
283459	283459	1
100137049	100137049	1
3643	3718	1
340419	340419	1
2357	2357	1
5347	6772	1
10664	3091	1
9074	9074	1
6332	6332	1
5583	8243	1
5590	867	1
124907679	124907679	1
4691	80198	1
2549	5580	1
83660	83660	1
2885	57610	1
26118	7409	1
80336	80336	1
127829	127829	1
6425	6425	1
406971	406971	1
4771	7533	1
3091	7520	1
10231	10231	1
3039	7532	1
6882	6882	1
51347	51347	1
54461	6548	1
353514	353514	1
100913187	100913187	1
10199	10199	1
27018	5347	1
23381	3091	1
124907199	124907199	1
5583	5793	1
9611	9611	1
6643	999	1
3091	7011	1
7066	7066	1
4573	4573	1
1944	1944	1
2034	2034	1
7056	7056	1
558	6923	1
1021	87	1
124907310	124907310	1
5597	5597	1
219464	219464	1
6100	6100	1
8831	8831	1
95	95	1
200315	200315	1
10728	10971	1
79993	79993	1
3816	3816	1
9388	9388	1
55432	55432	1
9435	9435	1
5283	5283	1
10933	10933	1
3678	3678	1
2323	2323	1
124904143	124904143	1
257397	257397	1
10445	4149	1
124905327	124905327	1
3643	6924	1
9527	9527	1
3777	3777	1
26525	26525	1
5261	5261	1
10489	11040	1
22900	22900	1
51181	51181	1
10728	54984	1
7051	7051	1
5216	5216	1
124907664	124907664	1
150684	5159	1
3320	4149	1
51052	51052	1
4567	4567	1
6923	8453	1
124908282	124908282	1
23517	23517	1
5788	5795	1
5495	5495	1
64928	64928	1
9551	9551	1
5407	5407	1
1462	1462	1
1268	23557	1
5588	5770	1
2639	2639	1
1144	1144	1
6432	6432	1
58494	58494	1
114836	114836	1
574033	574033	1
51808	51808	1
5836	5836	1
493911	493911	1
1365	1365	1
6198	7520	1
124906796	124906796	1
3346	3346	1
51429	51429	1
338382	338382	1
3059	3059	1
124905436	124905436	1
26056	4331	1
207	4691	1
440153	440153	1
1200	1736	1
950	950	1
10220	10220	1
124908503	124908503	1
973	973	1
5802	5802	1
11309	11309	1
54981	54981	1
4691	6667	1
1442	7532	1
124905770	124905770	1
5364	5788	1
3083	5770	1
84950	84950	1
1621	1621	1
3727	80198	1
5371	5970	1
54148	54148	1
11040	26118	1
3091	3727	1
1398	3459	1
124908510	124908510	1
5469	5469	1
221264	221264	1
3667	558	1
7357	7357	1
10048	999	1
3815	5296	1
2165	2165	1
27180	27180	1
2932	6009	1
122809	122809	1
10572	10572	1
84219	84219	1
3105	3105	1
3765	3765	1
59272	59272	1
6198	7514	1
23152	23152	1
6203	6203	1
1736	23381	1
401666	401666	1
10000	10856	1
124908489	124908489	1
10489	3716	1
3171	3171	1
124908327	124908327	1
643246	643246	1
2634	2634	1
10788	10788	1
3636	5793	1
2495	58	1
10207	116443	1
115727	115727	1
7188	7188	1
1398	7409	1
6585	6585	1
2113	27018	1
3881	3881	1
5563	5563	1
403278	403278	1
9700	9700	1
2560	2560	1
6330	6330	1
64919	64919	1
10499	10499	1
219874	219874	1
26664	26664	1
6391	6391	1
3718	8835	1
23624	23624	1
57038	57038	1
3702	8453	1
5921	6548	1
6469	6469	1
102800317	102800317	1
10893	10893	1
118460	118460	1
64902	64902	1
283446	283446	1
124907306	124907306	1
1436	2064	1
3455	3455	1
9675	9675	1
3082	5579	1
8175	8175	1
124907585	124907585	1
3691	9146	1
501	501	1
23293	3320	1
124905771	124905771	1
55114	55114	1
3850	3850	1
124907324	124907324	1
55315	55315	1
3040	4804	1
84249	84249	1
5977	5977	1
124907690	124907690	1
10048	6464	1
9716	9716	1
480	480	1
1740	9743	1
29906	29906	1
64377	64377	1
2065	5781	1
54461	8665	1
4615	4615	1
8313	8313	1
441639	441639	1
256987	256987	1
51802	51802	1
3459	8453	1
442891	442891	1
29982	29982	1
5159	8835	1
5774	867	1
1613	5590	1
2534	8573	1
5590	6643	1
8633	8633	1
55326	55326	1
1956	8243	1
8660	9978	1
7529	7533	1
124908479	124908479	1
2549	84105	1
64386	64386	1
124907214	124907214	1
60673	60673	1
2806	2806	1
64850	64850	1
1268	8243	1
27315	27315	1
51733	51733	1
2535	2535	1
5414	5414	1
124901505	124901505	1
1262	1262	1
5706	5706	1
10489	26118	1
2065	5774	1
2329	2329	1
55860	55860	1
3480	4352	1
5335	5774	1
442900	442900	1
124905775	124905775	1
2222	2222	1
5793	999	1
10971	65057	1
978	978	1
9131	9131	1
196743	196743	1
8936	8936	1
51074	51074	1
3422	3422	1
23708	23708	1
5264	5264	1
2531	2531	1
10856	1499	1
3845	3845	1
11035	11035	1
338398	338398	1
5335	6654	1
4629	4629	1
124904107	124904107	1
9246	9246	1
4771	7529	1
7170	7170	1
51513	51513	1
4331	4747	1
10229	10229	1
1027	2495	1
2885	5295	1
140032	140032	1
10971	4331	1
5272	5272	1
7410	81603	1
8450	8450	1
124907228	124907228	1
3083	9093	1
10489	3717	1
8702	8702	1
3560	7410	1
343702	343702	1
3040	983	1
5241	5241	1
9500	9500	1
6774	999	1
30011	80176	1
65260	65260	1
5788	6643	1
285643	285643	1
284486	284486	1
113457	6924	1
89790	89790	1
256471	256471	1
6431	6431	1
5364	5770	1
8517	8517	1
10806	4331	1
9616	9616	1
1613	5747	1
8323	8323	1
6323	6323	1
123876	123876	1
5774	5788	1
11065	11065	1
124907188	124907188	1
60	8678	1
54	54	1
10489	2534	1
1020	9229	1
8178	8178	1
11146	6654	1
166378	166378	1
5747	5782	1
3702	3718	1
773	773	1
1432	58	1
3797	3797	1
200958	30011	1
10799	10799	1
2017	573	1
93	93	1
124908341	124908341	1
440275	440275	1
7252	7252	1
5580	999	1
51085	51085	1
5148	5148	1
3083	5295	1
3949	3949	1
4297	4297	1
84364	84364	1
5333	5333	1
124907277	124907277	1
10519	6597	1
4572	4572	1
8277	8277	1
4760	4760	1
5788	867	1
23214	23214	1
1056	1056	1
1211	1211	1
5580	5584	1
124907216	124907216	1
219432	219432	1
5827	5827	1
219437	219437	1
1432	6009	1
7923	7923	1
53	53	1
886	886	1
5347	5962	1
26	26	1
1442	2113	1
2064	8835	1
8341	8341	1
283092	283092	1
1910	1910	1
10971	207	1
3560	6924	1
26851	26851	1
3732	3732	1
79365	79365	1
406986	406986	1
4478	4747	1
3685	3685	1
339761	339761	1
5897	5897	1
3082	5800	1
55070	55070	1
2834	2834	1
8405	8405	1
7832	7832	1
124908322	124908322	1
9392	9392	1
2113	5347	1
1432	3399	1
65267	65267	1
3800	3800	1
23569	23569	1
3560	3702	1
119391	119391	1
1613	5579	1
124908356	124908356	1
92421	92421	1
3091	6595	1
23451	23451	1
200909	200909	1
124908338	124908338	1
25847	25847	1
6199	6199	1
27091	27091	1
130	130	1
2064	5295	1
112268336	112268336	1
4747	6009	1
4001	124902335	0
11197	839	0
124908340	8850	0
124907154	5224	0
5863	79837	0
54913	54148	0
1384	5284	0
6117	3996	0
834	5745	0
64170	128	0
3838	140465	0
132	5424	0
260293	57412	0
80271	50855	0
220988	407042	0
152002	3934	0
23239	6331	0
124907293	390151	0
112399	10254	0
9296	4090	0
26524	4007	0
9924	124908237	0
121278	2713	0
4486	9217	0
64321	1734	0
406900	131405	0
6738	10370	0
30061	92	0
9104	124907146	0
8148	55201	0
84135	124907482	0
51166	513	0
92421	9146	0
192111	11168	0
406997	11024	0
5832	403274	0
3357	8916	0
154807	84818	0
6566	6715	0
3662	5518	0
148327	6429	0
122526777	5644	0
124907637	3680	0
2045	90390	0
3552	8708	0
6206	5526	0
1571	3381	0
9883	8358	0
145957	8331	0
124905795	55339	0
81671	390157	0
4052	6772	0
9542	124907228	0
124908508	22954	0
5731	1892	0
10901	4149	0
2206	57369	0
124905426	120776	0
6601	1676	0
201266	548596	0
29969	2561	0
50848	3373	0
81448	10587	0
7280	3688	0
56955	246175	0
441669	2215	0
5778	7976	0
124908261	10297	0
26872	124908484	0
2271	4124	0
3305	407016	0
6360	2956	0
150572	2747	0
5213	124904381	0
9775	26494	0
7422	26493	0
57118	124907182	0
115653	119504	0
124908318	286046	0
55040	9826	0
6449	92912	0
4725	10915	0
1132	7923	0
1374	3770	0
7791	246243	0
407051	403239	0
29889	900	0
55024	162605	0
219477	574476	0
219954	84679	0
4086	1909	0
3886	113189	0
4762	10928	0
51805	2678	0
115362	10402	0
18	113675	0
8625	6772	0
3454	594855	0
283375	55353	0
79923	50834	0
958	26289	0
8672	2891	0
1577	102723532	0
55081	1284	0
3748	97	0
8554	10975	0
1946	101954272	0
2660	259293	0
124907327	118460	0
10146	1647	0
84265	6146	0
245973	3248	0
138799	5000	0
1514	1261	0
154197	3422	0
6927	574031	0
4589	390199	0
124907170	9743	0
3938	26999	0
83737	23517	0
6275	392392	0
56916	124905437	0
26291	23475	0
9319	64425	0
26524	64137	0
124904109	126637	0
127294	10015	0
3105	64968	0
341947	10744	0
441925	3577	0
81490	2832	0
8569	25978	0
259307	124908349	0
8843	168391	0
55844	8506	0
124906744	8803	0
1674	857	0
6045	26084	0
124908344	137492	0
11004	587	0
641776	8871	0
130367	132660	0
92597	3839	0
55454	338339	0
51167	3340	0
124907448	100008588	0
2175	2781	0
100132463	11051	0
9254	4712	0
150763	26539	0
85301	55770	0
3171	155382	0
89845	1440	0
939	4055	0
81578	124908367	0
7222	9296	0
640	109864280	0
9104	6363	0
55113	3133	0
11232	1870	0
124905415	2346	0
1444	9073	0
200916	1945	0
1479	56288	0
162998	10057	0
64840	4298	0
6130	8714	0
6275	740	0
6609	2826	0
124908375	8884	0
164153	112609	0
1036	129446	0
841	10207	0
53632	8360	0
10006	146956	0
148	3675	0
9722	27097	0
10782	3569	0
11311	8451	0
1742	6284	0
3135	10400	0
57132	4634	0
124905761	124907720	0
8677	2878	0
10797	2005	0
3034	23190	0
124907146	54107	0
56623	4558	0
341640	8048	0
282616	8626	0
3290	5723	0
2959	124907273	0
9108	8789	0
6518	1981	0
25949	3394	0
10199	64750	0
407049	5376	0
51111	5881	0
5523	84634	0
10497	57107	0
124907651	6776	0
124907600	8505	0
219431	54552	0
124907189	54913	0
79671	56259	0
1562	124907167	0
64087	9348	0
3938	2937	0
8594	390748	0
6723	29780	0
79092	2046	0
5291	319101	0
124907470	124905679	0
3398	124907262	0
6284	124905763	0
6504	5284	0
2958	4512	0
124907475	124908504	0
2069	22933	0
124908283	93183	0
666	58511	0
3912	5580	0
23293	6183	0
27302	8504	0
124907666	117157	0
5830	3655	0
266722	9468	0
391191	84189	0
23026	84284	0
79147	164153	0
3581	100101268	0
5159	441273	0
23658	163702	0
22823	645974	0
23380	729597	0
10423	9748	0
6907	3702	0
1281	196051	0
5994	4922	0
1028	407043	0
2737	3480	0
58513	102723952	0
6582	26272	0
50808	10013	0
2615	440387	0
84444	653166	0
8720	124907184	0
25800	84992	0
124905796	112398	0
3820	5138	0
7372	27297	0
723790	23265	0
1142	9896	0
4597	4599	0
4726	51350	0
338785	124905425	0
64321	675	0
6627	7472	0
1659	8578	0
84612	823	0
125981	124907589	0
442909	84513	0
246184	4313	0
7019	9616	0
2697	10720	0
9476	8639	0
9440	80142	0
3375	124907716	0
752	8140	0
441925	128966744	0
1176	79901	0
8822	26689	0
5162	9741	0
9739	11140	0
7405	3155	0
9969	84311	0
55361	3916	0
1215	147495	0
79339	5832	0
100506013	124907212	0
2264	124908276	0
7384	4762	0
7018	477	0
8632	51035	0
120071	10728	0
92815	7010	0
79092	1949	0
6703	84283	0
390327	6546	0
5566	124907176	0
5506	8556	0
50613	124907681	0
55349	1716	0
8193	129521	0
92912	3640	0
199746	1298	0
3768	4723	0
27086	7336	0
285704	825	0
2595	29107	0
2965	406954	0
3294	124907278	0
10733	59283	0
8277	151531	0
910	8089	0
5959	84759	0
27071	1293	0
4708	390142	0
124907276	2919	0
10063	2846	0
26508	442117	0
29100	124908491	0
5434	26270	0
6729	3636	0
79178	7324	0
124907482	390892	0
58477	390063	0
7048	6334	0
80150	6499	0
10121	27339	0
140886	22841	0
6154	51010	0
79290	112849	0
26084	10505	0
5269	79799	0
1740	124907694	0
390066	10891	0
124908268	6616	0
390197	3714	0
730394	3992	0
6540	55034	0
124905797	3625	0
124907476	65985	0
25824	124907639	0
124905432	2346	0
134526	27190	0
2557	390075	0
761	5551	0
126370	54981	0
4694	4116	0
6923	114786	0
2206	7371	0
55233	8631	0
79296	5931	0
661	57192	0
27102	21	0
3976	171389	0
84168	11146	0
6511	406899	0
9517	540	0
91012	5165	0
90990	2693	0
81448	107987425	0
131450	10744	0
2475	27180	0
6009	10744	0
390082	2587	0
3813	83988	0
5894	124908284	0
83447	1544	0
390445	124905769	0
1786	10345	0
5133	223	0
100169754	7132	0
85301	1473	0
23295	3294	0
407014	3269	0
124907209	84108	0
10806	4976	0
7263	6539	0
319101	120066	0
3059	5697	0
2524	29078	0
3780	5892	0
124904135	3578	0
835	9337	0
55567	144124	0
11222	124900488	0
219431	9568	0
124908503	146664	0
6187	9804	0
10507	30815	0
56955	693187	0
340273	6645	0
135924	392517	0
442898	79023	0
5594	106821730	0
10859	177	0
55070	219487	0
2263	231	0
8631	1945	0
23658	1755	0
5348	54963	0
4495	109864282	0
909	132	0
81300	11200	0
7172	30061	0
3767	2113	0
1677	1135	0
4023	4258	0
9789	112849	0
10314	3280	0
2547	213	0
669	7060	0
81392	406926	0
122481	84623	0
51073	57187	0
53630	124908360	0
339761	1379	0
859	680	0
6374	4160	0
153090	6337	0
27141	340156	0
124907687	832	0
1306	3560	0
5682	127550	0
7389	29889	0
432	2535	0
55650	9037	0
5261	84516	0
201562	286151	0
27436	5980	0
1979	64388	0
29100	23426	0
83746	54675	0
124907301	5411	0
5731	4616	0
55432	115	0
9775	8813	0
9902	3836	0
1938	965	0
7062	9536	0
3717	6495	0
594857	51606	0
5027	390037	0
9231	124908518	0
369	3843	0
5478	353514	0
124907339	51082	0
56246	92359	0
390063	3356	0
54587	57187	0
124907194	2318	0
150094	2822	0
64850	3849	0
25904	57731	0
54407	387787	0
390442	23193	0
6605	124908124	0
10482	5506	0
8905	29071	0
3326	5921	0
1956	124908388	0
1031	80347	0
783	2162	0
140838	6276	0
23659	4708	0
124907473	57505	0
43	10056	0
6541	153201	0
10892	56924	0
285613	348180	0
10111	7295	0
129642	27443	0
4005	124907144	0
114879	8388	0
6529	25937	0
353164	5173	0
6629	124907257	0
55752	11326	0
253782	259292	0
124907310	9626	0
117145	124907701	0
9245	27189	0
155	7044	0
124908346	219865	0
59	55651	0
27124	282775	0
6788	56655	0
8626	196528	0
10629	34	0
10476	84108	0
374659	4931	0
406995	55958	0
5144	124907281	0
124905771	200316	0
124908311	5554	0
4300	255631	0
8665	2137	0
9181	6865	0
56904	124905666	0
22845	947	0
5631	6176	0
57761	137362	0
51477	124904804	0
56954	7137	0
124907663	5268	0
166929	22938	0
269	134083	0
349565	374378	0
121275	4209	0
26	5582	0
26585	1379	0
124905426	102157402	0
5013	3020	0
25974	51744	0
6812	196743	0
3351	155382	0
10073	134860	0
10010	3831	0
4621	29100	0
8521	3984	0
388761	6205	0
406942	643834	0
401665	106631781	0
90249	7046	0
29958	7088	0
30834	205	0
390326	124908366	0
3805	27180	0
11221	1015	0
51028	145173	0
51650	410	0
1525	23569	0
7068	124905168	0
8513	444	0
85366	570	0
51287	26827	0
124907467	51102	0
57101	57654	0
7360	10345	0
55070	151531	0
857	79816	0
1282	548644	0
641776	5630	0
81127	2152	0
6241	574411	0
3013	10268	0
89	653598	0
9217	64895	0
3938	9862	0
9626	5970	0
1137	3765	0
5986	338376	0
1272	10365	0
124907321	57007	0
6222	259286	0
23369	2948	0
1959	10257	0
406884	4848	0
800	81693	0
64116	4242	0
6934	1365	0
8876	286046	0
549	124907302	0
2977	23166	0
9491	191	0
9378	392309	0
124908292	64121	0
79814	7050	0
5554	124907170	0
4691	8821	0
124905431	5031	0
2657	518	0
66008	2150	0
6566	83990	0
27350	50855	0
10842	5610	0
10842	5298	0
171024	2889	0
38	124905825	0
284161	9166	0
84759	51454	0
219477	5078	0
54539	124907635	0
122706	124907305	0
124908388	1452	0
10846	22925	0
8945	3703	0
84634	1815	0
51660	84516	0
124907325	113457	0
7042	10766	0
5781	2550	0
10401	10266	0
6274	2918	0
2488	253152	0
124907325	143686	0
1829	2744	0
9963	55845	0
122740	1608	0
100	740	0
51735	6667	0
124907697	904	0
2791	4793	0
124908381	3748	0
5893	5687	0
1211	9253	0
5024	2569	0
124907120	6594	0
5648	989	0
79228	494335	0
2324	124904706	0
3231	124908265	0
5568	124907688	0
5133	3760	0
763	5887	0
100288814	2149	0
8550	51318	0
2811	4654	0
9	124907306	0
919	100132285	0
29086	10850	0
3624	2885	0
124907608	5224	0
10500	9314	0
84818	9985	0
10791	55081	0
124907642	5889	0
4267	51513	0
10383	1727	0
65125	81578	0
143187	94235	0
406989	407018	0
129807	8787	0
27127	4855	0
2938	124907262	0
27074	53842	0
183	120892	0
93100	2103	0
810	3308	0
1768	9499	0
6375	5046	0
356	7111	0
387522	283	0
122786	175	0
4522	140609	0
2963	8555	0
127077	124907578	0
2737	51455	0
407043	79077	0
6222	8554	0
26039	124602	0
124907230	10970	0
40	5352	0
6339	2645	0
6470	5189	0
124907338	342574	0
496	5147	0
5365	3673	0
124907148	1164	0
390883	5224	0
3980	7023	0
677	9926	0
4014	9860	0
100137049	3822	0
116983	2729	0
10733	23028	0
3769	124908504	0
390036	124907241	0
5290	26986	0
54874	107080638	0
6908	10396	0
51179	2908	0
6518	124907682	0
7089	124907579	0
6604	414328	0
9894	137362	0
64283	2160	0
2557	26851	0
3270	2193	0
3381	2048	0
5932	9861	0
84445	10437	0
1351	7153	0
79544	55930	0
121278	8642	0
9641	5788	0
100528032	5571	0
124908265	79711	0
919	11019	0
5929	124907634	0
6506	1003	0
124904669	114785	0
7054	1301	0
23480	54566	0
4709	113146	0
8513	4710	0
124907613	55183	0
64321	255231	0
3705	51266	0
3455	4707	0
65005	51332	0
5211	10841	0
3112	5798	0
27125	2826	0
4143	26664	0
51096	9306	0
5395	9953	0
5801	8736	0
6726	124907340	0
10093	5277	0
124907142	7332	0
79008	3303	0
26063	4567	0
644672	552	0
9517	80270	0
85015	10864	0
10162	135152	0
4887	4225	0
5140	144193	0
2532	4493	0
26658	5688	0
124907210	406893	0
9791	79139	0
10850	283617	0
8787	124907326	0
124907451	8566	0
4760	84812	0
2568	2100	0
4550	3211	0
124905334	8665	0
55669	5441	0
5649	124907485	0
6759	64895	0
23643	9223	0
9939	64326	0
54205	124908355	0
6337	407040	0
801	8671	0
8743	29992	0
406976	255043	0
7064	8843	0
387082	341418	0
124907589	56259	0
1616	6187	0
219438	3758	0
8332	10294	0
11014	728524	0
124907675	390037	0
3780	401993	0
3174	51634	0
136157	348180	0
84557	122011	0
3164	9047	0
5161	97	0
6421	779	0
124907446	55114	0
124904706	55284	0
7350	29958	0
9241	79001	0
23291	124908511	0
6588	19	0
254786	23098	0
122042	6441	0
23659	23200	0
84787	783	0
144245	8569	0
10228	54913	0
2977	10846	0
84634	124907311	0
8915	506	0
7293	1022	0
124907661	3158	0
124905842	55471	0
5427	10588	0
8309	124908281	0
56270	3795	0
3449	64135	0
124907655	9187	0
100170841	256144	0
57171	268	0
390073	5908	0
124908242	3053	0
50604	154197	0
5593	26828	0
441308	2103	0
100310812	29072	0
83544	836	0
7090	397	0
55671	442186	0
4436	6705	0
5979	51272	0
1379	152	0
23534	5792	0
5833	11151	0
816	406986	0
2252	441273	0
286204	387778	0
4055	2916	0
1175	10859	0
406983	407015	0
402135	5879	0
3073	1871	0
57713	219482	0
6364	84284	0
9241	101954273	0
410	8623	0
1845	8642	0
89	130075	0
2797	170572	0
4706	119016	0
11253	9789	0
8912	25828	0
406896	6120	0
2539	406988	0
87	84002	0
5176	27121	0
27346	1161	0
4589	783	0
4604	6282	0
25805	10632	0
9166	55193	0
54207	57805	0
124908312	402317	0
441639	343521	0
55813	11255	0
404281	2979	0
1081	8861	0
5042	2176	0
1967	8344	0
8767	131873	0
259230	51111	0
23057	6879	0
27124	119548	0
101954277	90293	0
8995	54822	0
1735	890	0
124907578	124908268	0
10365	1572	0
5130	2119	0
5238	3763	0
6443	124908510	0
124907588	90427	0
7349	51102	0
2877	3861	0
51171	6206	0
9791	7036	0
3418	79586	0
55072	6738	0
6159	57144	0
3383	412	0
407035	26084	0
276	84916	0
124905837	93010	0
3371	220074	0
51454	3998	0
115482686	51622	0
3983	124908518	0
5269	5518	0
50835	124908499	0
1728	728340	0
124907450	376497	0
1962	127069	0
80233	56994	0
5531	2186	0
79544	2987	0
5394	124908472	0
391192	124907661	0
824	5058	0
3384	50636	0
124905435	3955	0
7494	3635	0
10253	26595	0
8553	8938	0
9896	133396	0
140032	30846	0
80315	29906	0
4208	4824	0
90990	4722	0
115201	3948	0
6935	28973	0
27339	839	0
51422	1280	0
57153	284184	0
10524	339302	0
89849	6599	0
4633	26496	0
51691	2923	0
124908363	7161	0
8651	216	0
255022	4051	0
406909	155	0
151056	4644	0
2743	8001	0
4881	406985	0
4722	4897	0
7263	124907212	0
6634	6355	0
114879	9985	0
347411	79957	0
8318	1613	0
51510	406956	0
51678	54433	0
64902	124907653	0
442898	392392	0
54575	3632	0
8395	135946	0
2475	221613	0
9741	11311	0
5462	403277	0
8065	7922	0
6123	1019	0
124907293	83549	0
140885	124907480	0
124907149	390162	0
64065	100861540	0
5717	124908378	0
29906	801	0
8334	713	0
389668	5688	0
378	2893	0
22905	6499	0
5196	720	0
124907636	10023	0
5350	124907593	0
8970	124907200	0
7919	57617	0
3021	8822	0
10528	201562	0
391769	57412	0
2526	5286	0
10131	1944	0
70	635	0
407010	11197	0
139065	653689	0
2184	11065	0
54468	124908283	0
575	124906378	0
1633	5601	0
23214	6155	0
64377	54894	0
113457	10846	0
23305	341418	0
407036	2348	0
124908298	1869	0
8828	64399	0
403282	2581	0
5352	10164	0
9061	390093	0
7280	124907576	0
22824	255967	0
124908094	4174	0
123876	131870	0
7088	53342	0
124907616	4025	0
165679	525	0
9984	27289	0
4681	140032	0
3579	113220	0
834	10766	0
139760	124907304	0
55062	1111	0
10861	6608	0
10825	219958	0
9997	5692	0
7040	84254	0
390067	2934	0
9223	3758	0
10055	3799	0
440689	350	0
6352	57552	0
124907681	6401	0
124907471	5031	0
26019	26648	0
5293	1738	0
8086	343	0
3752	669	0
23130	287	0
130367	10195	0
817	6698	0
58538	59344	0
7879	23157	0
390054	861	0
55233	3778	0
7421	5897	0
10758	7462	0
23547	55288	0
286362	340419	0
6093	54429	0
53342	2790	0
548644	50615	0
653505	64135	0
974	392288	0
84787	339983	0
50836	81889	0
200931	5905	0
148022	100534599	0
11017	3061	0
9972	5476	0
11255	2241	0
9349	4092	0
3759	6907	0
84883	29072	0
3384	9459	0
10956	128869	0
552	8082	0
9093	733	0
10641	152586	0
445329	10926	0
25949	283365	0
951	109616985	0
85365	406954	0
30835	10898	0
2312	124907294	0
2013	6915	0
8542	126820	0
57534	2512	0
11145	26219	0
6907	92552	0
81470	8290	0
157855	3559	0
1358	4809	0
5506	441272	0
259197	4713	0
54145	2263	0
26531	124905438	0
10476	4811	0
79345	140886	0
3988	2589	0
10379	338339	0
29126	10154	0
51477	27180	0
8795	8994	0
8906	51099	0
353	29958	0
4999	148581	0
53349	26585	0
442117	5792	0
4249	26212	0
116540	353135	0
124904381	154197	0
57181	39	0
27128	5051	0
342372	124907608	0
58538	3300	0
23136	10452	0
112574	54840	0
56270	51762	0
10376	5715	0
2047	124902596	0
675	5775	0
220	124905065	0
5747	829	0
602	343	0
4915	3078	0
80381	7852	0
4325	22798	0
115650	79784	0
3459	27328	0
390093	7053	0
286410	841	0
2906	3783	0
653505	5371	0
124907595	10109	0
9619	124907650	0
124907342	1663	0
8731	51056	0
8925	56963	0
124908494	5588	0
4300	124907710	0
5630	121278	0
4481	653166	0
3604	9887	0
119695	109864280	0
9517	65264	0
343563	9344	0
128866	5333	0
7421	575	0
1675	2729	0
7137	3820	0
8314	6375	0
7294	124908474	0
153562	23353	0
10393	55278	0
2968	57132	0
330	10298	0
2160	124907154	0
8976	51606	0
2045	219981	0
100271849	441670	0
1241	3861	0
55614	392517	0
4689	517	0
81620	5982	0
3587	4580	0
6550	5694	0
5782	124905428	0
953	3916	0
8449	91319	0
4604	2852	0
149233	64798	0
10329	4953	0
2530	5079	0
6778	5609	0
8554	145226	0
54108	55742	0
23221	1717	0
64816	134864	0
995	4985	0
27443	26831	0
84818	441608	0
2697	6672	0
1944	11317	0
1716	7170	0
79902	51761	0
91750	5686	0
346562	253314	0
124903435	8497	0
6487	55738	0
493	10110	0
56052	4501	0
100137049	10345	0
2181	2864	0
4726	6315	0
4647	27434	0
124908350	8795	0
10393	124908263	0
25920	100271927	0
10478	401993	0
831	124904143	0
124908384	390260	0
89953	27328	0
9350	9530	0
10257	9711	0
463	182	0
2395	406999	0
4338	123956252	0
285613	2186	0
8826	391109	0
3860	6512	0
412	6728	0
65057	54209	0
4605	3705	0
7366	3782	0
124907454	9348	0
27128	85320	0
3448	55454	0
1535	64091	0
27243	124907277	0
657	79621	0
81448	390201	0
548644	131873	0
1937	55790	0
2564	27243	0
9978	4637	0
51616	59343	0
3736	283694	0
440193	124908514	0
9091	11320	0
9466	2215	0
285704	8676	0
1208	98	0
2585	7525	0
56656	130367	0
10859	3606	0
7450	9091	0
54936	79482	0
10267	124	0
124908379	23562	0
9699	283358	0
523	23586	0
391192	124907323	0
391196	443	0
84678	762	0
100169762	51534	0
4654	64895	0
219960	23293	0
4337	11332	0
81309	6746	0
22871	2895	0
3178	11073	0
56413	121536	0
124907659	4069	0
836	53842	0
55034	58498	0
246	79184	0
84733	79094	0
124907196	124907644	0
4627	2207	0
124905794	3061	0
6194	353145	0
7485	5837	0
28965	5352	0
4543	7124	0
124908257	6218	0
27006	412	0
9021	1735	0
9060	221960	0
3983	80349	0
27345	442184	0
338662	6095	0
83756	215	0
474381	55515	0
406883	3145	0
51096	138805	0
4604	2935	0
124907591	55255	0
7124	22795	0
1548	5709	0
8789	84803	0
9377	6448	0
2791	406900	0
442891	57666	0
846	1442	0
196883	406951	0
119692	1138	0
4725	6401	0
4539	83706	0
10901	91942	0
8345	124904137	0
2923	6224	0
124901509	921	0
124907290	22885	0
124907190	124908501	0
3955	4068	0
124907297	346517	0
389668	124907253	0
845	6504	0
246175	5827	0
390992	10451	0
1768	79465	0
5151	23001	0
1633	60489	0
143503	401661	0
27306	343171	0
406953	5624	0
10038	5888	0
10075	1363	0
494115	23179	0
23382	1503	0
51067	1439	0
10055	51209	0
51187	162998	0
124905743	1384	0
101954269	64689	0
2358	648	0
124907628	3568	0
55705	2697	0
2339	1649	0
548313	254783	0
407049	10718	0
259285	6916	0
26	3265	0
219699	54464	0
152	55862	0
393046	55183	0
36	9643	0
5740	2178	0
124907697	10744	0
10542	5066	0
124907449	65110	0
51073	6147	0
650	124905842	0
54577	80031	0
652968	101927180	0
1632	6328	0
1903	10600	0
391195	409	0
374378	2877	0
51187	10622	0
10284	4549	0
7148	7159	0
5617	9818	0
10499	6191	0
124905764	29780	0
29925	84309	0
3993	109864272	0
1891	5476	0
9542	201163	0
124908388	26589	0
4128	6662	0
10636	124907127	0
5593	286365	0
84957	4700	0
100507027	158131	0
219873	124975	0
10990	124907711	0
79875	124907719	0
392255	10629	0
3362	8693	0
10588	8985	0
779	2960	0
644150	26851	0
112399	255027	0
9722	8908	0
652968	3914	0
23436	4712	0
120425	11258	0
124908353	124902847	0
2516	152002	0
3766	124907139	0
390439	124907452	0
10952	79709	0
388753	120776	0
57467	122704	0
2923	120793	0
79901	125958	0
56979	6231	0
4907	51117	0
6875	64581	0
27177	4579	0
27123	55277	0
3155	644591	0
6817	257194	0
10972	124907333	0
26007	124905756	0
3612	9826	0
51035	84376	0
771	130589	0
25834	51699	0
115653	11240	0
100532731	341152	0
81469	116255	0
29108	124907587	0
7067	123464521	0
7512	7200	0
113675	79590	0
8887	4012	0
55593	7091	0
727	84364	0
51428	6358	0
101954273	10955	0
494143	2911	0
8789	200132	0
51119	195814	0
124908498	1201	0
348980	10678	0
29074	414328	0
124905791	2053	0
27063	5194	0
6881	441670	0
4694	93978	0
3064	442117	0
5524	406949	0
4221	26219	0
10437	10478	0
124907131	10134	0
134860	3295	0
9254	1558	0
5602	3077	0
5557	1978	0
4145	55702	0
106632260	100505767	0
55201	5970	0
2213	5609	0
10399	2695	0
5196	29956	0
79087	3588	0
51170	124907662	0
51466	343169	0
991	7357	0
51434	10319	0
4281	1870	0
1454	3295	0
493	2730	0
81439	5581	0
139189	124907476	0
2677	91807	0
25800	7485	0
64377	7932	0
654364	124907698	0
9402	51166	0
124905778	28987	0
84451	2178	0
57654	8363	0
1734	56605	0
8348	259295	0
2560	51167	0
339983	1553	0
100529261	2993	0
255738	2782	0
83937	124908356	0
2099	2180	0
81341	10344	0
4541	1491	0
338755	119692	0
9180	2166	0
2274	378708	0
10846	51289	0
135112	23433	0
1101	25834	0
6203	8678	0
124908300	3769	0
90381	1447	0
23072	1717	0
2900	6768	0
153201	80179	0
231	3059	0
5034	10347	0
124907216	442890	0
55505	80022	0
1479	89780	0
119504	124907960	0
6425	8811	0
23659	116150	0
1537	51071	0
10130	390078	0
55750	27443	0
5294	285659	0
9804	1907	0
6541	472	0
124907281	8493	0
133022	25791	0
116540	2273	0
55802	4086	0
3346	10274	0
7009	4084	0
57406	22905	0
124907440	799	0
167227	961	0
55651	79717	0
2058	10105	0
124908382	10336	0
401152	2121	0
2783	1548	0
51540	80025	0
8045	83990	0
2771	25788	0
5001	214	0
8777	124907605	0
11176	3559	0
51208	90639	0
124907260	7273	0
4502	390882	0
3753	6342	0
6344	3600	0
124907161	1605	0
55615	54776	0
285973	109910380	0
83259	9468	0
56288	8536	0
6392	7405	0
6877	7456	0
6746	6827	0
9899	109864274	0
124908312	91977	0
9410	64377	0
3032	356	0
124908325	9563	0
201163	8542	0
1447	3376	0
6636	56670	0
1603	1847	0
124907131	64764	0
5859	26831	0
518	6605	0
58510	391013	0
54788	81693	0
9184	124908329	0
7416	4329	0
85409	6566	0
124907336	55341	0
282763	390265	0
7483	5625	0
142827	3013	0
1241	124907712	0
1687	7472	0
9615	9020	0
4780	55072	0
9532	65057	0
8074	8792	0
124907243	53842	0
9487	85409	0
154664	10642	0
1519	126541	0
138050	84467	0
57332	10336	0
196120	8840	0
9855	124905795	0
2934	204219	0
84245	8761	0
291	124907218	0
686	285242	0
4047	84455	0
57152	57396	0
119694	80336	0
25834	3606	0
115650	84440	0
9489	1557	0
5218	124905780	0
124907145	2492	0
4825	1141	0
51074	5430	0
4547	4670	0
23235	182	0
59344	23431	0
132864	643909	0
4666	3417	0
124905835	1840	0
84811	2173	0
5861	55627	0
57801	2132	0
22888	9942	0
4700	55711	0
114548	3576	0
7329	25766	0
119749	124907237	0
8394	6152	0
3945	9334	0
10641	137868	0
124907706	407035	0
6362	353288	0
219960	79784	0
5130	124908277	0
58528	8438	0
97	79109	0
340156	3552	0
124907341	128366	0
9611	6156	0
124908508	1160	0
2204	100505767	0
10427	81448	0
1144	124904147	0
124908310	10528	0
10910	23095	0
5336	6699	0
733	5652	0
10849	6872	0
64431	219428	0
124907178	2247	0
27175	124908370	0
3821	3682	0
56270	117145	0
9770	1195	0
613	124905828	0
7319	255631	0
6505	7389	0
51005	6647	0
54331	91522	0
8332	5931	0
6505	30849	0
6281	3837	0
2875	2969	0
7012	91734	0
6697	29933	0
5106	442572	0
192666	2730	0
50943	653247	0
1174	4084	0
6171	951	0
124907297	1361	0
6793	390168	0
124907648	407026	0
26533	390748	0
22938	16	0
9275	63036	0
79295	63931	0
817	112483	0
124905802	7391	0
4224	113675	0
407036	57819	0
124907192	2558	0
3122	5729	0
5797	84790	0
124905798	3906	0
1573	8867	0
23451	55256	0
65125	495	0
10960	3861	0
23195	124904107	0
4993	5413	0
124908321	7490	0
27189	23464	0
130	8842	0
92344	9138	0
3848	1917	0
11000	442903	0
124901508	10888	0
107984936	788	0
26056	64282	0
8540	124908332	0
7299	124908322	0
2535	2992	0
5573	10892	0
401992	26687	0
6844	7867	0
124905841	64979	0
112	9577	0
124906194	3998	0
5732	4939	0
3080	120227	0
154197	9900	0
5795	3651	0
79823	54575	0
5049	124907304	0
124907717	6566	0
2054	229	0
1616	2710	0
93166	9414	0
5133	90865	0
29940	1374	0
390429	347240	0
4999	124907676	0
2181	3645	0
10241	124583	0
3817	51032	0
124907646	124908293	0
1854	6818	0
160	9734	0
29101	124902100	0
23383	124907122	0
5058	51083	0
285704	145173	0
775	23362	0
537	124908273	0
124905765	4008	0
6569	1359	0
1829	5213	0
40	102723475	0
124907182	124908243	0
29904	9063	0
7433	7054	0
29082	310	0
57122	9643	0
2597	10285	0
341799	124908317	0
126820	390201	0
169355	4798	0
23553	3360	0
25804	10621	0
393046	84870	0
2833	644150	0
387522	8193	0
406902	5499	0
8688	805	0
6776	7363	0
338339	2523	0
3948	23339	0
347240	8986	0
124907678	79482	0
55556	10164	0
116519	64422	0
369	9249	0
5308	7373	0
124908372	915	0
5588	6932	0
131870	4889	0
5433	5426	0
57804	10798	0
4351	5605	0
390067	1593	0
410	10197	0
84265	1977	0
2633	3082	0
51324	1021	0
1778	277	0
112802	7291	0
3684	391192	0
8654	10642	0
28234	124908278	0
390162	248	0
48	140838	0
54714	406988	0
5915	90665	0
24146	55274	0
392309	133	0
406888	80319	0
124907245	124908522	0
124907151	5195	0
638	8718	0
124907594	154807	0
7083	9643	0
124907293	3809	0
219875	8777	0
221357	90161	0
124907242	55908	0
10890	4357	0
387815	124901506	0
51196	440279	0
594855	2050	0
23269	124908280	0
55626	11157	0
81466	3913	0
10600	162998	0
124904668	8277	0
81605	16	0
5216	128966586	0
10540	9804	0
64241	56270	0
112483	84219	0
1852	390067	0
57644	27289	0
4986	124905422	0
1026	124907621	0
338675	6900	0
3563	23678	0
79094	55741	0
1846	6354	0
4613	406957	0
4671	26301	0
862	130013	0
79158	219469	0
124907210	406984	0
79153	7031	0
9021	26341	0
2693	403278	0
2264	683	0
124903091	3419	0
25942	2744	0
2987	3613	0
124907243	102724159	0
4093	8938	0
57492	124907451	0
23205	124907700	0
147179	390429	0
178	6426	0
440686	60481	0
5830	55744	0
22845	7314	0
9653	2872	0
7994	115361	0
439996	81849	0
9320	4671	0
9215	5583	0
57223	124907639	0
133	64147	0
401993	154	0
6256	123745	0
4594	5566	0
3181	55301	0
493911	11311	0
124907320	1195	0
54554	332	0
717	79899	0
2251	124907214	0
178	2880	0
64499	147	0
124907177	219865	0
2831	1443	0
533	6223	0
51761	55576	0
390648	124908511	0
8703	4622	0
25956	119765	0
5864	391769	0
26683	84128	0
4358	285126	0
54145	8131	0
255725	219865	0
23067	5692	0
972	11221	0
1071	678	0
197259	8082	0
124907169	343263	0
4609	26835	0
26687	124907187	0
29088	8372	0
782	23286	0
5695	8411	0
6612	629	0
100528021	1621	0
1629	6469	0
56259	117581	0
5230	361	0
5625	29117	0
353238	26246	0
2188	5145	0
124907151	1616	0
2060	57835	0
9868	54795	0
34	343170	0
2589	9525	0
653	834	0
3890	64324	0
81697	50614	0
2091	23039	0
782	23192	0
89910	5699	0
23705	63036	0
3274	80055	0
125965	81030	0
5257	2932	0
5778	50808	0
64425	120425	0
10240	124907705	0
72	735	0
3778	124905805	0
285521	10724	0
5144	124907628	0
51608	124908280	0
3107	10138	0
22821	5236	0
2737	9466	0
1727	54981	0
124908385	253430	0
25915	1294	0
51289	6256	0
913	4072	0
8509	8905	0
574537	57610	0
6573	407010	0
59344	51304	0
79861	10744	0
124907339	51171	0
7327	574473	0
989	5587	0
124975	54913	0
22	6550	0
8942	8893	0
152831	8685	0
64834	9688	0
2239	4540	0
124907645	23072	0
10884	6898	0
645	2517	0
1345	4741	0
55278	5335	0
7113	4604	0
8823	4720	0
3303	135941	0
57152	8399	0
55558	6430	0
128371	479	0
2205	11067	0
57556	55070	0
1297	7156	0
55968	90423	0
152	3092	0
824	51520	0
5216	11332	0
2529	55869	0
9343	9409	0
26056	4586	0
5315	100996758	0
26503	3853	0
3875	84274	0
545	1375	0
124907474	30000	0
4666	124905822	0
1610	6564	0
81553	1515	0
79008	29844	0
6427	5506	0
8370	10008	0
55526	795	0
124907670	8821	0
2742	5578	0
23239	8243	0
1101	124907128	0
10629	388585	0
102724197	100310812	0
346525	124907667	0
124907276	64881	0
124907309	6191	0
124907628	64282	0
8396	10603	0
124908351	90381	0
391	5611	0
55752	6598	0
3705	124900883	0
383	23513	0
11213	124907639	0
8228	64419	0
54498	406980	0
9815	3662	0
23429	55706	0
55576	57804	0
124907277	4644	0
2969	47	0
80233	5624	0
91543	26061	0
392376	54433	0
6134	55331	0
51366	7273	0
558	858	0
5981	10898	0
389668	1610	0
7155	134	0
85366	26707	0
124908349	51428	0
440686	135	0
124905845	374454	0
124907115	124908339	0
100653049	51091	0
440093	26835	0
124906378	8531	0
53828	57863	0
6901	124905763	0
29881	124907449	0
124907455	23645	0
2517	2327	0
5799	9091	0
393046	124907255	0
124908496	1378	0
23250	1949	0
527	124905840	0
8031	124907275	0
84274	10885	0
6405	5624	0
10939	22863	0
57724	652	0
6711	26476	0
124907485	154197	0
124904136	6300	0
81168	8864	0
27006	219869	0
124904983	9037	0
51266	4218	0
124908479	10572	0
3814	124907625	0
151056	1608	0
1233	3679	0
6897	165829	0
8345	1962	0
84305	1297	0
2832	6929	0
128966580	390059	0
124908383	84364	0
7367	23019	0
5436	53349	0
84134	406908	0
10498	27097	0
255631	29800	0
4625	3881	0
84447	57707	0
3770	51703	0
2194	94005	0
93210	80201	0
54472	55157	0
64968	4084	0
84172	7405	0
7409	124907246	0
63035	528	0
80763	124908344	0
27434	8578	0
5890	3949	0
1788	1072	0
124907263	5998	0
10733	26224	0
10335	124907627	0
8936	4694	0
127281	4157	0
390433	124906959	0
6637	1573	0
2046	10641	0
124908352	27231	0
2118	390265	0
139189	4555	0
1629	5058	0
51209	482	0
10345	23324	0
29102	112724	0
6129	5903	0
64432	124907607	0
124908336	1149	0
5495	4512	0
2987	3636	0
646567	124907712	0
390079	9092	0
10864	1907	0
390892	1606	0
255231	2570	0
10717	124905834	0
1021	2330	0
9447	132014	0
51021	1445	0
55308	79660	0
124907483	10381	0
6667	11097	0
81928	403274	0
124901481	79586	0
23293	93129	0
124907259	6184	0
124906380	3559	0
2488	80143	0
79587	11185	0
83852	7852	0
124907286	124908344	0
8343	5997	0
823	6874	0
80208	124903414	0
5683	2736	0
7096	9060	0
9376	27173	0
4569	56832	0
2688	23312	0
2792	51690	0
79658	22901	0
51295	203	0
406985	2693	0
79153	201163	0
23426	116519	0
64328	5630	0
4259	2876	0
124907699	8554	0
9442	51552	0
4726	50837	0
54708	124907684	0
124907697	60	0
169355	5922	0
54205	23643	0
158983	79947	0
109864282	9651	0
714	3101	0
8174	23659	0
693200	5052	0
390992	9146	0
9377	7226	0
5232	10352	0
